3.86999989 0.00106526 -0.02556635 0.00745685
3.87700009 0.00213053 -0.02556635 0.00639159
3.88299990 0.00319579 -0.02556635 0.00745685
3.88899994 0.00213053 -0.02450108 0.00639159
3.89599991 0.00319579 -0.02450108 0.00639159
3.90199995 0.00213053 -0.02556635 0.00745685
3.90799999 0.00213053 -0.02450108 0.00639159
3.91499996 0.00319579 -0.02663161 0.00639159
3.92100000 0.00319579 -0.02556635 0.00639159
3.92799997 0.00426106 -0.02663161 0.00639159
3.93400002 0.00106526 -0.02556635 0.00745685
3.94000006 0.00213053 -0.02450108 0.00532632
3.94700003 0.00106526 -0.02450108 0.00532632
3.95300007 0.00213053 -0.02556635 0.00639159
3.95900011 0.00213053 -0.02556635 0.00745685
3.96600008 0.00106526 -0.02556635 0.00639159
3.97199988 0.00319579 -0.02556635 0.00639159
3.97900009 0.00319579 -0.02556635 0.00639159
3.98499990 0.00213053 -0.02450108 0.00639159
3.99099994 0.00319579 -0.02450108 0.00532632
3.99799991 0.00213053 -0.02556635 0.00639159
4.00400019 0.00213053 -0.02556635 0.00639159
4.01000023 0.00319579 -0.02556635 0.00639159
4.01700020 0.00319579 -0.02450108 0.00639159
4.02299976 0.00426106 -0.02450108 0.00639159
4.03000021 0.00319579 -0.02343581 0.00639159
4.03599977 0.00213053 -0.02450108 0.00639159
4.04199982 0.00213053 -0.02663161 0.00639159
4.04899979 0.00319579 -0.02556635 0.00639159
4.05499983 0.00319579 -0.02450108 0.00639159
4.06099987 0.00319579 -0.02556635 0.00639159
4.06799984 0.00319579 -0.02556635 0.00639159
4.07399988 0.00213053 -0.02556635 0.00532632
4.08099985 0.00106526 -0.02450108 0.00532632
4.08699989 0.00106526 -0.02663161 0.00532632
4.09299994 0.00213053 -0.02556635 0.00532632
4.09999990 0.00106526 -0.02556635 0.00532632
4.10599995 0.00319579 -0.02556635 0.00532632
4.11199999 0.00213053 -0.02556635 0.00639159
4.11899996 0.00213053 -0.02450108 0.00639159
4.12500000 0.00213053 -0.02450108 0.00639159
4.13199997 0.00319579 -0.02663161 0.00639159
4.13800001 0.00319579 -0.02450108 0.00639159
4.14400005 0.00319579 -0.02556635 0.00532632
4.15100002 0.00213053 -0.02556635 0.00532632
4.15700006 0.00426106 -0.02663161 0.00745685
4.16300011 0.00319579 -0.02556635 0.00745685
4.17000008 0.00319579 -0.02556635 0.00639159
4.17600012 0.00213053 -0.02450108 0.00639159
4.18300009 0.00213053 -0.02556635 0.00639159
4.18900013 0.00213053 -0.02556635 0.00745685
4.19500017 0.00106526 -0.02556635 0.00639159
4.20200014 0.00213053 -0.02663161 0.00639159
4.20800018 0.00213053 -0.02450108 0.00745685
4.21400023 0.00213053 -0.02450108 0.00745685
4.22100019 0.00213053 -0.02663161 0.00639159
4.22700024 0.00213053 -0.02556635 0.00639159
4.23299980 0.00213053 -0.02556635 0.00532632
4.23999977 0.00106526 -0.02556635 0.00639159
4.24599981 0.00213053 -0.02450108 0.00745685
4.25299978 0.00319579 -0.02556635 0.00639159
4.25899982 0.00319579 -0.02556635 0.00532632
4.26499987 0.00213053 -0.02556635 0.00639159
4.27199984 0.00213053 -0.02450108 0.00639159
4.27799988 0.00319579 -0.02556635 0.00745685
4.28399992 0.00106526 -0.02556635 0.00532632
4.29099989 0.00213053 -0.02450108 0.00639159
4.29699993 0.00213053 -0.02450108 0.00639159
4.30399990 0.00319579 -0.02450108 0.00639159
4.30999994 0.00213053 -0.02556635 0.00639159
4.31599998 0.00213053 -0.02556635 0.00639159
4.32299995 0.00319579 -0.02556635 0.00639159
4.32900000 0.00319579 -0.02556635 0.00639159
4.33500004 0.00319579 -0.02556635 0.00639159
4.34200001 0.00213053 -0.02556635 0.00639159
4.34800005 0.00106526 -0.02663161 0.00639159
4.35500002 0.00319579 -0.02556635 0.00639159
4.36100006 0.00319579 -0.02450108 0.00639159
4.36700010 0.00213053 -0.02343581 0.00532632
4.37400007 0.00319579 -0.02556635 0.00532632
4.38000011 0.00213053 -0.02556635 0.00745685
4.38600016 0.00319579 -0.02556635 0.00745685
4.39300013 0.00213053 -0.02556635 0.00745685
4.39900017 0.00319579 -0.02556635 0.00745685
4.40600014 0.00213053 -0.02556635 0.00745685
4.41200018 0.00319579 -0.02556635 0.00745685
4.41800022 0.00319579 -0.02556635 0.00639159
4.42500019 0.00319579 -0.02556635 0.00639159
4.43100023 0.00319579 -0.02556635 0.00639159
4.43699980 0.00213053 -0.02556635 0.00532632
4.44399977 0.00319579 -0.02556635 0.00532632
4.44999981 0.00213053 -0.02556635 0.00532632
4.45699978 0.00213053 -0.02556635 0.00639159
4.46299982 0.00213053 -0.02556635 0.00639159
4.46899986 0.00213053 -0.02663161 0.00639159
4.47599983 0.00319579 -0.02556635 0.00745685
4.48199987 0.00319579 -0.02450108 0.00639159
4.48799992 0.00319579 -0.02450108 0.00639159
4.49499989 0.00319579 -0.02556635 0.00639159
4.50099993 0.00319579 -0.02450108 0.00532632
4.50799990 0.00319579 -0.02450108 0.00639159
4.51399994 0.00213053 -0.02450108 0.00639159
4.51999998 0.00106526 -0.02556635 0.00639159
4.52699995 0.00213053 -0.02450108 0.00639159
4.53299999 0.00213053 -0.02450108 0.00639159
4.53900003 0.00213053 -0.02450108 0.00639159
4.54600000 0.00213053 -0.02450108 0.00745685
4.55200005 0.00319579 -0.02556635 0.00639159
4.55900002 0.00213053 -0.02450108 0.00639159
4.56500006 0.00213053 -0.02556635 0.00639159
4.57100010 0.00319579 -0.02556635 0.00745685
4.57800007 0.00319579 -0.02450108 0.00639159
4.58400011 0.00319579 -0.02450108 0.00639159
4.59000015 0.00319579 -0.02663161 0.00639159
4.59700012 0.00319579 -0.02556635 0.00639159
4.60300016 0.00213053 -0.02556635 0.00639159
4.61000013 0.00319579 -0.02556635 0.00532632
4.61600018 0.00319579 -0.02556635 0.00532632
4.62200022 0.00319579 -0.02450108 0.00532632
4.62900019 0.00213053 -0.02343581 0.00639159
4.63500023 0.00213053 -0.02556635 0.00745685
4.64099979 0.00213053 -0.02556635 0.00745685
4.64799976 0.00213053 -0.02450108 0.00639159
4.65399981 0.00319579 -0.02450108 0.00639159
4.66099977 0.00213053 -0.02556635 0.00639159
4.66699982 0.00319579 -0.02556635 0.00639159
4.67299986 0.00319579 -0.02450108 0.00745685
4.67999983 0.00213053 -0.02556635 0.00639159
4.68599987 0.00213053 -0.02450108 0.00532632
4.69199991 0.00213053 -0.02450108 0.00639159
4.69899988 0.00319579 -0.02450108 0.00639159
4.70499992 0.00213053 -0.02450108 0.00639159
4.71199989 0.00319579 -0.02556635 0.00745685
4.71799994 0.00106526 -0.02450108 0.00639159
4.72399998 0.00213053 -0.02556635 0.00532632
4.73099995 0.00213053 -0.02450108 0.00532632
4.73699999 0.00213053 -0.02450108 0.00639159
4.74300003 0.00319579 -0.02556635 0.00532632
4.75000000 0.00213053 -0.02556635 0.00639159
4.75600004 0.00213053 -0.02663161 0.00639159
4.76300001 0.00106526 -0.02663161 0.00532632
4.76900005 0.00319579 -0.02556635 0.00532632
4.77500010 0.00213053 -0.02343581 0.00532632
4.78200006 0.00213053 -0.02343581 0.00532632
4.78800011 0.00106526 -0.02556635 0.00639159
4.79400015 0.00213053 -0.02556635 0.00639159
4.80100012 0.00106526 -0.02556635 0.00532632
4.80700016 0.00319579 -0.02556635 0.00639159
4.81400013 0.00426106 -0.02556635 0.00745685
4.82000017 0.00319579 -0.02450108 0.00639159
4.82600021 0.00213053 -0.02556635 0.00639159
4.83300018 0.00319579 -0.02556635 0.00639159
4.83900023 0.00319579 -0.02556635 0.00532632
4.84499979 0.00319579 -0.02450108 0.00532632
4.85200024 0.00319579 -0.02556635 0.00532632
4.85799980 0.00213053 -0.02450108 0.00639159
4.86499977 0.00319579 -0.02556635 0.00639159
4.87099981 0.00319579 -0.02556635 0.00639159
4.87699986 0.00213053 -0.02556635 0.00745685
4.88399982 0.00319579 -0.02343581 0.00639159
4.88999987 0.00319579 -0.02450108 0.00532632
4.89599991 0.00426106 -0.02450108 0.00639159
4.90299988 0.00426106 -0.02556635 0.00532632
4.90899992 0.00213053 -0.02663161 0.00639159
4.91599989 0.00213053 -0.02556635 0.00532632
4.92199993 0.00319579 -0.02450108 0.00532632
4.92799997 0.00213053 -0.02450108 0.00532632
4.93499994 0.00319579 -0.02343581 0.00639159
4.94099998 0.00319579 -0.02450108 0.00639159
4.94700003 0.00213053 -0.02556635 0.00639159
4.95400000 0.00319579 -0.02556635 0.00532632
4.96000004 0.00319579 -0.02556635 0.00745685
4.96700001 0.00213053 -0.02556635 0.00639159
4.97300005 0.00106526 -0.02450108 0.00532632
4.97900009 0.00319579 -0.02663161 0.00639159
4.98600006 0.00213053 -0.02663161 0.00532632
4.99200010 0.00000000 -0.02450108 0.00639159
4.99800014 0.00106526 -0.02556635 0.00639159
5.00500011 0.00319579 -0.02450108 0.00639159
5.01100016 0.00213053 -0.02450108 0.00639159
5.01700020 0.00319579 -0.02450108 0.00532632
5.02400017 0.00106526 -0.02663161 0.00639159
5.03000021 0.00213053 -0.02556635 0.00639159
5.03599977 0.00213053 -0.02556635 0.00532632
5.04300022 0.00319579 -0.02450108 0.00532632
5.04899979 0.00213053 -0.02556635 0.00639159
5.05600023 0.00213053 -0.02450108 0.00639159
5.06199980 0.00319579 -0.02343581 0.00639159
5.06799984 0.00213053 -0.02450108 0.00532632
5.07499981 0.00319579 -0.02450108 0.00532632
5.08099985 0.00426106 -0.02450108 0.00639159
5.08699989 0.00319579 -0.02450108 0.00639159
5.09399986 0.00213053 -0.02450108 0.00532632
5.09999990 0.00213053 -0.02450108 0.00639159
5.10699987 0.00213053 -0.02556635 0.00532632
5.11299992 0.00319579 -0.02556635 0.00639159
5.11899996 0.00213053 -0.02556635 0.00639159
5.12599993 0.00213053 -0.02556635 0.00532632
5.13199997 0.00106526 -0.02450108 0.00639159
5.13899994 0.00213053 -0.02556635 0.00532632
5.14499998 0.00319579 -0.02450108 0.00639159
5.15100002 0.00213053 -0.02556635 0.00639159
5.15799999 0.00213053 -0.02663161 0.00532632
5.16400003 0.00213053 -0.02556635 0.00745685
5.17000008 0.00213053 -0.02450108 0.00639159
5.17700005 0.00213053 -0.02556635 0.00639159
5.18300009 0.00319579 -0.02450108 0.00639159
5.18900013 0.00319579 -0.02450108 0.00532632
5.19600010 0.00213053 -0.02450108 0.00639159
5.20200014 0.00213053 -0.02450108 0.00639159
5.20900011 0.00213053 -0.02450108 0.00639159
5.21500015 0.00319579 -0.02556635 0.00639159
5.22100019 0.00319579 -0.02556635 0.00639159
5.22800016 0.00106526 -0.02556635 0.00639159
5.23400021 0.00213053 -0.02556635 0.00639159
5.23999977 0.00213053 -0.02663161 0.00532632
5.24700022 0.00319579 -0.02450108 0.00532632
5.25299978 0.00213053 -0.02556635 0.00639159
5.26000023 0.00213053 -0.02556635 0.00532632
5.26599979 0.00213053 -0.02556635 0.00532632
5.27199984 0.00319579 -0.02450108 0.00532632
5.27899981 0.00213053 -0.02556635 0.00532632
5.28499985 0.00106526 -0.02556635 0.00639159
5.29099989 0.00319579 -0.02556635 0.00639159
5.29799986 0.00319579 -0.02663161 0.00639159
5.30399990 0.00213053 -0.02450108 0.00639159
5.31099987 0.00319579 -0.02556635 0.00639159
5.31699991 0.00213053 -0.02556635 0.00639159
5.32299995 0.00106526 -0.02556635 0.00639159
5.32999992 0.00213053 -0.02556635 0.00532632
5.33599997 0.00213053 -0.02556635 0.00426106
5.34200001 0.00319579 -0.02450108 0.00532632
5.34899998 0.00319579 -0.02450108 0.00532632
5.35500002 0.00106526 -0.02663161 0.00639159
5.36199999 0.00319579 -0.02556635 0.00639159
5.36800003 0.00319579 -0.02556635 0.00639159
5.37400007 0.00319579 -0.02450108 0.00745685
5.38100004 0.00213053 -0.02556635 0.00532632
5.38700008 0.00213053 -0.02556635 0.00639159
5.39300013 0.00213053 -0.02556635 0.00639159
5.40000010 0.00213053 -0.02556635 0.00639159
5.40600014 0.00213053 -0.02450108 0.00639159
5.41300011 0.00319579 -0.02556635 0.00639159
5.41900015 0.00106526 -0.02556635 0.00639159
5.42500019 0.00213053 -0.02450108 0.00532632
5.43200016 0.00213053 -0.02556635 0.00639159
5.43800020 0.00213053 -0.02556635 0.00639159
5.44399977 0.00213053 -0.02450108 0.00532632
5.45100021 0.00319579 -0.02450108 0.00532632
5.45699978 0.00319579 -0.02556635 0.00639159
5.46400023 0.00319579 -0.02556635 0.00639159
5.46999979 0.00319579 -0.02450108 0.00639159
5.47599983 0.00213053 -0.02556635 0.00639159
5.48299980 0.00319579 -0.02450108 0.00639159
5.48899984 0.00319579 -0.02450108 0.00639159
5.49499989 0.00213053 -0.02556635 0.00639159
5.50199986 0.00213053 -0.02450108 0.00639159
5.50799990 0.00319579 -0.02556635 0.00639159
5.51499987 0.00319579 -0.02556635 0.00639159
5.52099991 0.00319579 -0.02663161 0.00639159
5.52699995 0.00213053 -0.02663161 0.00532632
5.53399992 0.00213053 -0.02450108 0.00532632
5.53999996 0.00213053 -0.02556635 0.00639159
5.54600000 0.00106526 -0.02450108 0.00532632
5.55299997 0.00213053 -0.02343581 0.00639159
5.55900002 0.00213053 -0.02450108 0.00532632
5.56599998 0.00213053 -0.02556635 0.00639159
5.57200003 0.00213053 -0.02450108 0.00639159
5.57800007 0.00319579 -0.02450108 0.00639159
5.58500004 0.00319579 -0.02556635 0.00639159
5.59100008 0.00319579 -0.02450108 0.00532632
5.59700012 0.00319579 -0.02556635 0.00639159
5.60400009 0.00319579 -0.02556635 0.00639159
5.61000013 0.00106526 -0.02450108 0.00639159
5.61700010 0.00106526 -0.02556635 0.00639159
5.62300014 0.00213053 -0.02450108 0.00639159
5.62900019 0.00319579 -0.02556635 0.00532632
5.63600016 0.00213053 -0.02556635 0.00426106
5.64200020 0.00213053 -0.02556635 0.00532632
5.64799976 0.00213053 -0.02556635 0.00532632
5.65500021 0.00213053 -0.02450108 0.00639159
5.66099977 0.00426106 -0.02556635 0.00639159
5.66800022 0.00319579 -0.02556635 0.00639159
5.67399979 0.00213053 -0.02556635 0.00639159
5.67999983 0.00106526 -0.02450108 0.00532632
5.68699980 0.00213053 -0.02556635 0.00639159
5.69299984 0.00319579 -0.02556635 0.00639159
5.69899988 0.00213053 -0.02556635 0.00639159
5.70599985 0.00213053 -0.02556635 0.00639159
5.71199989 0.00319579 -0.02450108 0.00532632
5.71899986 0.00319579 -0.02343581 0.00639159
5.72499990 0.00213053 -0.02450108 0.00639159
5.73099995 0.00213053 -0.02343581 0.00639159
5.73799992 0.00319579 -0.02450108 0.00532632
5.74399996 0.00319579 -0.02556635 0.00532632
5.75099993 0.00213053 -0.02556635 0.00639159
5.75699997 0.00213053 -0.02450108 0.00639159
5.76300001 0.00319579 -0.02556635 0.00745685
5.76999998 0.00213053 -0.02556635 0.00532632
5.77600002 0.00213053 -0.02556635 0.00745685
5.78200006 0.00213053 -0.02556635 0.00639159
5.78900003 0.00319579 -0.02450108 0.00639159
5.79500008 0.00213053 -0.02450108 0.00532632
5.80200005 0.00319579 -0.02450108 0.00639159
5.80800009 0.00213053 -0.02343581 0.00639159
5.81400013 0.00319579 -0.02556635 0.00532632
5.82100010 0.00213053 -0.02450108 0.00639159
5.82700014 0.00213053 -0.02663161 0.00532632
5.83300018 0.00319579 -0.02663161 0.00639159
5.84000015 0.00213053 -0.02450108 0.00532632
5.84600019 0.00319579 -0.02556635 0.00745685
5.85200024 0.00213053 -0.02343581 0.00639159
5.85900021 0.00213053 -0.02450108 0.00745685
5.86499977 0.00213053 -0.02556635 0.00639159
5.87200022 0.00213053 -0.02556635 0.00639159
5.87799978 0.00213053 -0.02450108 0.00532632
5.88399982 0.00213053 -0.02450108 0.00532632
5.89099979 0.00319579 -0.02556635 0.00745685
5.89699984 0.00319579 -0.02556635 0.00639159
5.90399981 0.00319579 -0.02556635 0.00639159
5.90999985 0.00213053 -0.02450108 0.00639159
5.91599989 0.00106526 -0.02556635 0.00745685
5.92299986 0.00213053 -0.02450108 0.00745685
5.92899990 0.00213053 -0.02556635 0.00639159
5.93499994 0.00213053 -0.02450108 0.00639159
5.94199991 0.00213053 -0.02556635 0.00639159
5.94799995 0.00213053 -0.02450108 0.00639159
5.95499992 0.00106526 -0.02450108 0.00639159
5.96099997 0.00106526 -0.02450108 0.00639159
5.96700001 0.00213053 -0.02556635 0.00639159
5.97399998 0.00319579 -0.02556635 0.00532632
5.98000002 0.00213053 -0.02556635 0.00639159
5.98699999 0.00213053 -0.02450108 0.00745685
5.99300003 0.00213053 -0.02556635 0.00639159
5.99900007 0.00319579 -0.02556635 0.00639159
6.00600004 0.00319579 -0.02556635 0.00639159
6.01200008 0.00319579 -0.02450108 0.00639159
6.01800013 0.00213053 -0.02663161 0.00745685
6.02500010 0.00319579 -0.02556635 0.00639159
6.03100014 0.00319579 -0.02556635 0.00639159
6.03800011 0.00213053 -0.02450108 0.00639159
6.04400015 0.00106526 -0.02343581 0.00639159
6.05000019 0.00213053 -0.02343581 0.00639159
6.05700016 0.00213053 -0.02450108 0.00639159
6.06300020 0.00213053 -0.02450108 0.00532632
6.06899977 0.00213053 -0.02450108 0.00639159
6.07600021 0.00319579 -0.02450108 0.00639159
6.08199978 0.00426106 -0.02450108 0.00639159
6.08900023 0.00319579 -0.02556635 0.00639159
6.09499979 0.00213053 -0.02556635 0.00745685
6.10099983 0.00319579 -0.02556635 0.00639159
6.10799980 0.00319579 -0.02556635 0.00639159
6.11399984 0.00319579 -0.02450108 0.00639159
6.12099981 0.00213053 -0.02343581 0.00532632
6.12699986 0.00319579 -0.02343581 0.00639159
6.13299990 0.00213053 -0.02556635 0.00639159
6.13999987 0.00106526 -0.02450108 0.00639159
6.14599991 0.00213053 -0.02663161 0.00639159
6.15199995 0.00213053 -0.02556635 0.00745685
6.15899992 0.00106526 -0.02556635 0.00639159
6.16499996 0.00106526 -0.02450108 0.00745685
6.17199993 0.00106526 -0.02450108 0.00745685
6.17799997 0.00213053 -0.02556635 0.00639159
6.18400002 0.00213053 -0.02556635 0.00639159
6.19099998 0.00319579 -0.02556635 0.00639159
6.19700003 0.00213053 -0.02556635 0.00745685
6.20300007 0.00319579 -0.02450108 0.00639159
6.21000004 0.00213053 -0.02450108 0.00639159
6.21600008 0.00319579 -0.02450108 0.00639159
6.22300005 0.00213053 -0.02556635 0.00532632
6.22900009 0.00319579 -0.02556635 0.00639159
6.23500013 0.00319579 -0.02556635 0.00745685
6.24200010 0.00319579 -0.02556635 0.00639159
6.24800014 0.00319579 -0.02450108 0.00532632
6.25400019 0.00106526 -0.02450108 0.00639159
6.26100016 0.00319579 -0.02450108 0.00532632
6.26700020 0.00213053 -0.02663161 0.00532632
6.27400017 0.00319579 -0.02556635 0.00639159
6.28000021 0.00426106 -0.02663161 0.00639159
6.28599977 0.00106526 -0.02556635 0.00639159
6.29300022 0.00106526 -0.02556635 0.00639159
6.29899979 0.00213053 -0.02556635 0.00639159
6.30499983 0.00213053 -0.02450108 0.00639159
6.31199980 0.00213053 -0.02450108 0.00639159
6.31799984 0.00213053 -0.02450108 0.00639159
6.32499981 0.00213053 -0.02450108 0.00639159
6.33099985 0.00106526 -0.02450108 0.00639159
6.33699989 0.00213053 -0.02556635 0.00639159
6.34399986 0.00213053 -0.02556635 0.00639159
6.34999990 0.00106526 -0.02556635 0.00532632
6.35699987 0.00213053 -0.02450108 0.00639159
6.36299992 0.00213053 -0.02450108 0.00532632
6.36899996 0.00106526 -0.02450108 0.00532632
6.37599993 0.00213053 -0.02450108 0.00639159
6.38199997 0.00213053 -0.02450108 0.00532632
6.38800001 0.00319579 -0.02556635 0.00639159
6.39499998 0.00319579 -0.02450108 0.00745685
6.40100002 0.00213053 -0.02556635 0.00745685
6.40799999 0.00213053 -0.02556635 0.00639159
6.41400003 0.00319579 -0.02450108 0.00639159
6.42000008 0.00319579 -0.02556635 0.00639159
6.42700005 0.00213053 -0.02556635 0.00639159
6.43300009 0.00319579 -0.02556635 0.00639159
6.43900013 0.00213053 -0.02556635 0.00532632
6.44600010 0.00213053 -0.02556635 0.00639159
6.45200014 0.00213053 -0.02450108 0.00639159
6.45900011 0.00319579 -0.02450108 0.00639159
6.46500015 0.00213053 -0.02556635 0.00532632
6.47100019 0.00213053 -0.02663161 0.00639159
6.47800016 0.00319579 -0.02450108 0.00639159
6.48400021 0.00319579 -0.02556635 0.00745685
6.48999977 0.00319579 -0.02450108 0.00639159
6.49700022 0.00213053 -0.02556635 0.00639159
6.50299978 0.00319579 -0.02450108 0.00745685
6.51000023 0.00213053 -0.02556635 0.00745685
6.51599979 0.00106526 -0.02663161 0.00639159
6.52199984 0.00213053 -0.02450108 0.00639159
6.52899981 0.00319579 -0.02556635 0.00639159
6.53499985 0.00319579 -0.02450108 0.00639159
6.54099989 0.00319579 -0.02450108 0.00639159
6.54799986 0.00000000 -0.02556635 0.00639159
6.55399990 0.00213053 -0.02556635 0.00639159
6.55999994 0.00213053 -0.02450108 0.00745685
6.56699991 0.00106526 -0.02450108 0.00639159
6.57299995 0.00213053 -0.02663161 0.00639159
6.57999992 0.00213053 -0.02556635 0.00532632
6.58599997 0.00319579 -0.02663161 0.00639159
6.59200001 0.00213053 -0.02450108 0.00639159
6.59899998 0.00319579 -0.02556635 0.00532632
6.60500002 0.00319579 -0.02450108 0.00639159
6.61100006 0.00319579 -0.02450108 0.00745685
6.61800003 0.00319579 -0.02556635 0.00532632
6.62400007 0.00213053 -0.02556635 0.00639159
6.63100004 0.00106526 -0.02450108 0.00639159
6.63700008 0.00213053 -0.02556635 0.00639159
6.64300013 0.00213053 -0.02556635 0.00639159
6.65000010 0.00319579 -0.02556635 0.00745685
6.65600014 0.00213053 -0.02663161 0.00639159
6.66200018 0.00213053 -0.02556635 0.00639159
6.66900015 0.00213053 -0.02450108 0.00532632
6.67500019 0.00213053 -0.02556635 0.00639159
6.68100023 0.00319579 -0.02556635 0.00532632
6.68800020 0.00213053 -0.02556635 0.00639159
6.69399977 0.00213053 -0.02450108 0.00532632
6.70100021 0.00213053 -0.02556635 0.00532632
6.70699978 0.00213053 -0.02556635 0.00745685
6.71299982 0.00106526 -0.02556635 0.00745685
6.71999979 0.00319579 -0.02450108 0.00532632
6.72599983 0.00213053 -0.02450108 0.00639159
6.73199987 0.00319579 -0.02450108 0.00639159
6.73899984 0.00213053 -0.02663161 0.00745685
6.74499989 0.00319579 -0.02556635 0.00532632
6.75199986 0.00213053 -0.02556635 0.00639159
6.75799990 0.00213053 -0.02556635 0.00639159
6.76399994 0.00319579 -0.02556635 0.00639159
6.77099991 0.00213053 -0.02663161 0.00639159
6.77699995 0.00213053 -0.02556635 0.00532632
6.78299999 0.00213053 -0.02556635 0.00639159
6.78999996 0.00319579 -0.02663161 0.00639159
6.79600000 0.00213053 -0.02663161 0.00745685
6.80299997 0.00213053 -0.02663161 0.00639159
6.80900002 0.00213053 -0.02556635 0.00532632
6.81500006 0.00319579 -0.02450108 0.00639159
6.82200003 0.00319579 -0.02556635 0.00639159
6.82800007 0.00106526 -0.02556635 0.00639159
6.83400011 0.00319579 -0.02556635 0.00745685
6.84100008 0.00106526 -0.02556635 0.00745685
6.84700012 0.00319579 -0.02556635 0.00639159
6.85300016 0.00319579 -0.02663161 0.00532632
6.86000013 0.00213053 -0.02556635 0.00532632
6.86600018 0.00213053 -0.02450108 0.00532632
6.87300014 0.00319579 -0.02450108 0.00639159
6.87900019 0.00213053 -0.02556635 0.00639159
6.88500023 0.00426106 -0.02450108 0.00639159
6.89200020 0.00213053 -0.02556635 0.00639159
6.89799976 0.00213053 -0.02556635 0.00745685
6.90399981 0.00319579 -0.02450108 0.00639159
6.91099977 0.00319579 -0.02450108 0.00639159
6.91699982 0.00213053 -0.02450108 0.00639159
6.92399979 0.00319579 -0.02556635 0.00639159
6.92999983 0.00426106 -0.02556635 0.00639159
6.93599987 0.00213053 -0.02663161 0.00745685
6.94299984 0.00106526 -0.02450108 0.00639159
6.94899988 0.00213053 -0.02450108 0.00745685
6.95599985 0.00319579 -0.02450108 0.00639159
6.96199989 0.00106526 -0.02450108 0.00639159
6.96799994 0.00106526 -0.02556635 0.00532632
6.97499990 0.00213053 -0.02450108 0.00639159
6.98099995 0.00426106 -0.02450108 0.00639159
6.98699999 0.00426106 -0.02556635 0.00639159
6.99399996 0.00213053 -0.02450108 0.00639159
7.00000000 0.00213053 -0.02556635 0.00639159
7.00699997 0.00213053 -0.02556635 0.00639159
7.01300001 0.00319579 -0.02450108 0.00639159
7.01900005 0.00213053 -0.02556635 0.00639159
7.02600002 0.00319579 -0.02556635 0.00639159
7.03200006 0.00106526 -0.02450108 0.00532632
7.03800011 0.00319579 -0.02556635 0.00639159
7.04500008 0.00319579 -0.02556635 0.00639159
7.05100012 0.00213053 -0.02450108 0.00639159
7.05800009 0.00319579 -0.02556635 0.00532632
7.06400013 0.00213053 -0.02450108 0.00639159
7.07000017 0.00213053 -0.02556635 0.00639159
7.07700014 0.00426106 -0.02450108 0.00745685
7.08300018 0.00213053 -0.02663161 0.00532632
7.08900023 0.00106526 -0.02556635 0.00532632
7.09600019 0.00213053 -0.02450108 0.00639159
7.10200024 0.00213053 -0.02450108 0.00639159
7.10900021 0.00213053 -0.02450108 0.00639159
7.11499977 0.00319579 -0.02556635 0.00639159
7.12099981 0.00319579 -0.02450108 0.00532632
7.12799978 0.00213053 -0.02450108 0.00532632
7.13399982 0.00213053 -0.02556635 0.00639159
7.13999987 0.00319579 -0.02556635 0.00745685
7.14699984 0.00319579 -0.02556635 0.00639159
7.15299988 0.00426106 -0.02556635 0.00532632
7.15999985 0.00213053 -0.02556635 0.00745685
7.16599989 0.00213053 -0.02556635 0.00745685
7.17199993 0.00106526 -0.02450108 0.00745685
7.17899990 0.00213053 -0.02556635 0.00639159
7.18499994 0.00213053 -0.02556635 0.00639159
7.19099998 0.00213053 -0.02556635 0.00639159
7.19799995 0.00106526 -0.02450108 0.00745685
7.20400000 0.00319579 -0.02556635 0.00639159
7.21099997 0.00213053 -0.02450108 0.00639159
7.21700001 0.00213053 -0.02556635 0.00639159
7.22300005 0.00319579 -0.02450108 0.00639159
7.23000002 0.00213053 -0.02556635 0.00745685
7.23600006 0.00213053 -0.02450108 0.00745685
7.24200010 0.00213053 -0.02556635 0.00532632
7.24900007 0.00213053 -0.02556635 0.00532632
7.25500011 0.00213053 -0.02450108 0.00639159
7.26200008 0.00426106 -0.02450108 0.00745685
7.26800013 0.00319579 -0.02556635 0.00639159
7.27400017 0.00213053 -0.02556635 0.00639159
7.28100014 0.00319579 -0.02556635 0.00532632
7.28700018 0.00106526 -0.02663161 0.00532632
7.29300022 0.00213053 -0.02450108 0.00532632
7.30000019 0.00213053 -0.02450108 0.00639159
7.30600023 0.00319579 -0.02450108 0.00639159
7.31300020 0.00213053 -0.02450108 0.00639159
7.31899977 0.00106526 -0.02556635 0.00532632
7.32499981 0.00213053 -0.02556635 0.00639159
7.33199978 0.00319579 -0.02556635 0.00639159
7.33799982 0.00213053 -0.02556635 0.00639159
7.34399986 0.00213053 -0.02450108 0.00639159
7.35099983 0.00213053 -0.02450108 0.00532632
7.35699987 0.00106526 -0.02450108 0.00639159
7.36399984 0.00319579 -0.02556635 0.00639159
7.36999989 0.00213053 -0.02556635 0.00745685
7.37599993 0.00213053 -0.02556635 0.00532632
7.38299990 0.00213053 -0.02556635 0.00426106
7.38899994 0.00213053 -0.02450108 0.00532632
7.39499998 0.00319579 -0.02556635 0.00639159
7.40199995 0.00319579 -0.02663161 0.00639159
7.40799999 0.00319579 -0.02556635 0.00639159
7.41499996 0.00213053 -0.02663161 0.00639159
7.42100000 0.00213053 -0.02556635 0.00745685
7.42700005 0.00213053 -0.02556635 0.00639159
7.43400002 0.00000000 -0.02556635 0.00745685
7.44000006 0.00319579 -0.02450108 0.00639159
7.44600010 0.00426106 -0.02450108 0.00639159
7.45300007 0.00319579 -0.02556635 0.00639159
7.45900011 0.00213053 -0.02556635 0.00532632
7.46500015 0.00213053 -0.02663161 0.00532632
7.47200012 0.00213053 -0.02556635 0.00639159
7.47800016 0.00000000 -0.02556635 0.00639159
7.48400021 0.00213053 -0.02556635 0.00639159
7.49100018 0.00319579 -0.02450108 0.00639159
7.49700022 0.00213053 -0.02450108 0.00639159
7.50299978 0.00106526 -0.02556635 0.00639159
7.51000023 0.00106526 -0.02450108 0.00532632
7.51599979 0.00106526 -0.02450108 0.00639159
7.52299976 0.00319579 -0.02450108 0.00639159
7.52899981 0.00319579 -0.02450108 0.00745685
7.53499985 0.00213053 -0.02556635 0.00639159
7.54199982 0.00213053 -0.02556635 0.00532632
7.54799986 0.00319579 -0.02450108 0.00532632
7.55499983 0.00213053 -0.02450108 0.00639159
7.56099987 0.00106526 -0.02450108 0.00639159
7.56699991 0.00213053 -0.02343581 0.00639159
7.57399988 0.00106526 -0.02556635 0.00639159
7.57999992 0.00213053 -0.02556635 0.00639159
7.58599997 0.00426106 -0.02450108 0.00639159
7.59299994 0.00319579 -0.02556635 0.00639159
7.59899998 0.00213053 -0.02556635 0.00639159
7.60599995 0.00319579 -0.02450108 0.00745685
7.61199999 0.00106526 -0.02343581 0.00639159
7.61800003 0.00213053 -0.02450108 0.00639159
7.62500000 0.00213053 -0.02450108 0.00639159
7.63100004 0.00213053 -0.02450108 0.00532632
7.63700008 0.00319579 -0.02556635 0.00639159
7.64400005 0.00213053 -0.02450108 0.00639159
7.65000010 0.00319579 -0.02450108 0.00639159
7.65700006 0.00426106 -0.02556635 0.00639159
7.66300011 0.00213053 -0.02450108 0.00639159
7.66900015 0.00213053 -0.02450108 0.00745685
7.67600012 0.00213053 -0.02343581 0.00639159
7.68200016 0.00106526 -0.02556635 0.00532632
7.68800020 0.00213053 -0.02556635 0.00639159
7.69500017 0.00213053 -0.02556635 0.00532632
7.70100021 0.00213053 -0.02450108 0.00639159
7.70800018 0.00319579 -0.02450108 0.00639159
7.71400023 0.00213053 -0.02450108 0.00639159
7.71999979 0.00213053 -0.02556635 0.00745685
7.72700024 0.00213053 -0.02556635 0.00639159
7.73299980 0.00213053 -0.02343581 0.00639159
7.73999977 0.00213053 -0.02450108 0.00745685
7.74599981 0.00213053 -0.02556635 0.00639159
7.75199986 0.00213053 -0.02556635 0.00639159
7.75899982 0.00106526 -0.02663161 0.00745685
7.76499987 0.00319579 -0.02343581 0.00532632
7.77099991 0.00213053 -0.02450108 0.00745685
7.77799988 0.00319579 -0.02450108 0.00639159
7.78399992 0.00319579 -0.02556635 0.00532632
7.79099989 0.00106526 -0.02450108 0.00532632