3.870000 0.000015 -0.000170 0.000111
3.877000 0.000118 -0.001347 0.000921
3.883000 0.000425 -0.005001 0.003568
3.889000 0.000914 -0.011699 0.008642
3.896000 0.001311 -0.019661 0.014814
3.902000 0.001367 -0.025727 0.019349
3.908000 0.001221 -0.027888 0.020383
3.915000 0.001283 -0.026685 0.018458
3.921000 0.001722 -0.024414 0.015816
3.928000 0.002274 -0.023169 0.014481
3.934000 0.002532 -0.023506 0.014959
3.940000 0.002314 -0.024622 0.016353
3.947000 0.001802 -0.025483 0.017399
3.953000 0.001417 -0.025643 0.017480
3.960000 0.001496 -0.025297 0.016890
3.966000 0.002010 -0.024865 0.016305
3.973000 0.002603 -0.024642 0.016121
3.979000 0.002863 -0.024700 0.016291
3.985000 0.002600 -0.024909 0.016601
3.992000 0.001954 -0.025004 0.016890
3.998000 0.001272 -0.024803 0.017064
4.005000 0.000841 -0.024401 0.017080
4.011000 0.000772 -0.024088 0.016936
4.017000 0.001033 -0.024063 0.016703
4.024000 0.001511 -0.024287 0.016497
4.030000 0.002008 -0.024585 0.016415
4.036000 0.002228 -0.024837 0.016535
4.043000 0.002029 -0.025032 0.016912
4.049000 0.001706 -0.025212 0.017450
4.056000 0.001802 -0.025363 0.017808
4.062000 0.002520 -0.025391 0.017658
4.069000 0.003360 -0.025208 0.017057
4.075000 0.003519 -0.024859 0.016425
4.081000 0.002747 -0.024602 0.016196
4.088000 0.001644 -0.024709 0.016501
4.094000 0.001041 -0.025101 0.017122
4.101000 0.001292 -0.025356 0.017677
4.107000 0.002133 -0.025194 0.017910
4.113000 0.002999 -0.024761 0.017799
4.120000 0.003372 -0.024388 0.017405
4.126000 0.003069 -0.024264 0.016759
4.133000 0.002392 -0.024413 0.016011
4.139000 0.001887 -0.024807 0.015527
4.146000 0.001808 -0.025329 0.015605
4.152000 0.001860 -0.025724 0.016204
4.159000 0.001642 -0.025771 0.017082
4.165000 0.001252 -0.025497 0.018012
4.172000 0.001146 -0.025178 0.018659
4.178000 0.001618 -0.025075 0.018552
4.185000 0.002633 -0.025195 0.017534
4.191000 0.003819 -0.025380 0.016183
4.197000 0.004479 -0.025486 0.015440
4.204000 0.004039 -0.025391 0.015662
4.210000 0.002708 -0.025050 0.016228
4.216000 0.001434 -0.024590 0.016275
4.223000 0.000937 -0.024252 0.015706
4.229000 0.001044 -0.024234 0.015259
4.236000 0.001147 -0.024571 0.015560
4.242000 0.000932 -0.025035 0.016301
4.249000 0.000592 -0.025236 0.016567
4.255000 0.000481 -0.024959 0.015997
4.262000 0.000690 -0.024414 0.015412
4.268000 0.001092 -0.024068 0.015953
4.274000 0.001630 -0.024210 0.017546
4.281000 0.002277 -0.024714 0.018652
4.287000 0.002872 -0.025204 0.017895
4.293000 0.003142 -0.025389 0.015653
4.300000 0.002933 -0.025293 0.013710
4.306000 0.002511 -0.025245 0.013460
4.313000 0.002351 -0.025481 0.014656
4.319000 0.002524 -0.025713 0.015912
4.326000 0.002744 -0.025482 0.016294
4.332000 0.002944 -0.024928 0.016054
4.339000 0.003110 -0.024629 0.015758
4.345000 0.002754 -0.024670 0.015381
4.351000 0.001580 -0.024518 0.014806
4.358000 0.000491 -0.023984 0.014566
4.364000 0.000777 -0.023725 0.015207
4.371000 0.002281 -0.024443 0.016290
4.377000 0.003558 -0.025941 0.016831
4.383000 0.003908 -0.027347 0.016548
4.390000 0.004004 -0.028095 0.016104
4.396000 0.004329 -0.028290 0.016174
4.403000 0.004260 -0.028094 0.016622
4.409000 0.003121 -0.027268 0.016805
4.416000 0.001253 -0.025753 0.016522
4.422000 -0.000195 -0.024412 0.016156
4.429000 -0.000104 -0.024326 0.015923
4.435000 0.001784 -0.025317 0.015576
4.441000 0.004454 -0.026033 0.015038
4.448000 0.006273 -0.025699 0.014781
4.454000 0.006121 -0.024891 0.015250
4.460000 0.004031 -0.024371 0.016184
4.467000 0.001494 -0.024193 0.016829
4.473000 0.000939 -0.024254 0.016650
4.480000 0.003512 -0.024647 0.015690
4.486000 0.007354 -0.025109 0.014552
4.493000 0.009439 -0.024996 0.014121
4.499000 0.008807 -0.024144 0.014936
4.506000 0.006499 -0.023182 0.016489
4.512000 0.003562 -0.022790 0.017500
4.519000 0.000707 -0.023074 0.017293
4.525000 -0.001192 -0.023803 0.016539
4.532000 -0.001554 -0.024732 0.016323
4.538000 -0.000839 -0.025400 0.016884
4.544000 -0.000069 -0.025249 0.017695
4.551000 0.000324 -0.024460 0.018261
4.557000 0.000486 -0.023921 0.018391
4.564000 0.000398 -0.024072 0.018086
4.570000 0.000184 -0.024597 0.017578
4.577000 0.000439 -0.024975 0.017278
4.583000 0.001145 -0.024766 0.017423
4.590000 0.001485 -0.023969 0.017825
4.596000 0.001409 -0.023161 0.018023
4.603000 0.001452 -0.022851 0.017709
4.609000 0.001275 -0.022982 0.016913
4.615000 0.000503 -0.023057 0.015871
4.622000 -0.000204 -0.022617 0.015013
4.628000 -0.000376 -0.021914 0.014894
4.635000 -0.000388 -0.021725 0.015661
4.641000 -0.000421 -0.022360 0.016699
4.648000 -0.000289 -0.023469 0.017158
4.654000 -0.000221 -0.024491 0.016691
4.661000 -0.000451 -0.024854 0.015644
4.667000 -0.000310 -0.024382 0.014854
4.674000 0.000705 -0.023610 0.015014
4.680000 0.001825 -0.023301 0.015959
4.687000 0.002552 -0.023773 0.016966
4.693000 0.003351 -0.024778 0.017637
4.700000 0.003997 -0.025811 0.017959
4.706000 0.003972 -0.026411 0.017867
4.713000 0.003723 -0.026479 0.017360
4.719000 0.003377 -0.026530 0.016748
4.726000 0.002369 -0.026955 0.016338
4.732000 0.000914 -0.027131 0.016146
4.738000 -0.000262 -0.026342 0.016199
4.745000 -0.000929 -0.024810 0.016521
4.751000 -0.000887 -0.023148 0.016617
4.758000 0.000253 -0.022170 0.015796
4.764000 0.002197 -0.022789 0.014001
4.771000 0.004064 -0.024671 0.011771
4.777000 0.005304 -0.026176 0.010009
4.784000 0.005710 -0.026261 0.009749
4.790000 0.005319 -0.025214 0.011136
4.797000 0.004373 -0.023844 0.013108
4.803000 0.002728 -0.022953 0.014633
4.810000 0.000501 -0.023012 0.015595
4.816000 -0.000904 -0.023849 0.016364
4.823000 -0.000264 -0.025066 0.016964
4.829000 0.001711 -0.026234 0.016844
4.835000 0.003372 -0.026604 0.015676
4.842000 0.003849 -0.026002 0.014192
4.848000 0.003277 -0.025272 0.013320
4.854000 0.002380 -0.024923 0.012668
4.860000 0.002017 -0.024916 0.011300
4.867000 0.002383 -0.025358 0.009484
4.873000 0.002946 -0.026053 0.008177
4.880000 0.003251 -0.026453 0.007930
4.886000 0.003124 -0.026308 0.008905
4.893000 0.002774 -0.025746 0.010590
4.899000 0.002973 -0.025221 0.011972
4.906000 0.003894 -0.025278 0.012685
4.912000 0.004358 -0.025689 0.013107
4.918000 0.003265 -0.025567 0.013648
4.925000 0.001051 -0.024769 0.014441
4.931000 -0.000625 -0.024190 0.015204
4.937000 -0.000260 -0.024541 0.015583
4.944000 0.001979 -0.025601 0.015707
4.950000 0.004176 -0.026545 0.016023
4.957000 0.004995 -0.026859 0.016722
4.963000 0.005034 -0.026749 0.017482
4.970000 0.004986 -0.026518 0.017634
4.976000 0.004453 -0.026142 0.016875
4.983000 0.002704 -0.025479 0.015679
4.989000 -0.000214 -0.024662 0.014493
4.996000 -0.002401 -0.024317 0.013387
5.002000 -0.001724 -0.024992 0.012833
5.009000 0.001249 -0.026259 0.013590
5.015000 0.003966 -0.026934 0.015660
5.022000 0.004332 -0.026678 0.018047
5.028000 0.002433 -0.026399 0.019346
5.034000 0.001108 -0.026423 0.018542
5.041000 0.002651 -0.026387 0.015812
5.047000 0.005643 -0.026325 0.012345
5.054000 0.006967 -0.025827 0.008858
5.061000 0.004701 -0.024310 0.005377
5.067000 -0.000174 -0.022572 0.002553
5.074000 -0.003692 -0.022103 0.001476
5.080000 -0.002949 -0.023498 0.002562
5.087000 0.000896 -0.025838 0.005476
5.093000 0.004441 -0.027439 0.009552
5.100000 0.004994 -0.027894 0.013956
5.106000 0.003034 -0.028244 0.017591
5.113000 0.001278 -0.029073 0.019392
5.119000 0.000387 -0.030220 0.018984
5.126000 -0.000775 -0.030603 0.016639
5.132000 -0.002085 -0.028751 0.013020
5.139000 -0.003482 -0.026253 0.009276
5.145000 -0.004706 -0.026389 0.006418
5.152000 -0.003053 -0.028228 0.004599
5.158000 0.002825 -0.027442 0.003408
5.165000 0.009708 -0.021992 0.001992
5.171000 0.013065 -0.014717 -0.000187
5.178000 0.010981 -0.011035 -0.001779
5.184000 0.005504 -0.013659 -0.000667
5.191000 0.000771 -0.020096 0.003212
5.197000 -0.000355 -0.025276 0.007637
5.204000 0.001932 -0.026030 0.010588
5.210000 0.004735 -0.023474 0.012121
5.217000 0.005149 -0.020909 0.013479
5.223000 0.003044 -0.020436 0.015447
5.230000 0.000649 -0.022123 0.017901
5.236000 0.000200 -0.024726 0.020008
5.243000 0.002147 -0.026839 0.020825
5.249000 0.004603 -0.027658 0.020091
5.256000 0.005316 -0.027020 0.018500
5.262000 0.004127 -0.025558 0.017137
5.269000 0.002332 -0.024522 0.016397
5.275000 0.001257 -0.024837 0.015867
5.282000 0.001434 -0.026234 0.015224
5.288000 0.001901 -0.027293 0.014550
5.295000 0.001297 -0.026692 0.014285
5.301000 -0.000570 -0.024390 0.015033
5.307000 -0.002480 -0.021596 0.016764
5.314000 -0.002726 -0.020085 0.018507
5.320000 -0.000909 -0.021096 0.019157
5.327000 0.001882 -0.024105 0.018423
5.333000 0.004362 -0.026984 0.016930
5.340000 0.005304 -0.027772 0.015505
5.346000 0.004367 -0.026183 0.014545
5.353000 0.002636 -0.023723 0.014121
5.359000 0.001430 -0.022510 0.014241
5.366000 0.001480 -0.023704 0.014557
5.372000 0.002005 -0.026959 0.014429
5.379000 0.001250 -0.030243 0.013793
5.385000 -0.000959 -0.030447 0.013477
5.392000 -0.003671 -0.026936 0.014271
5.398000 -0.005692 -0.022775 0.016006
5.405000 -0.005049 -0.020778 0.017735
5.411000 -0.001541 -0.022078 0.018382
5.418000 0.002319 -0.026627 0.017280
5.424000 0.004823 -0.031410 0.014949
5.430000 0.006297 -0.031611 0.012971
5.437000 0.007353 -0.025550 0.012200
5.443000 0.007062 -0.017574 0.012138
5.450000 0.003963 -0.014298 0.012259
5.456000 -0.000243 -0.017352 0.012393
5.463000 -0.002235 -0.023397 0.012253
5.469000 -0.001505 -0.028899 0.011864
5.476000 0.000550 -0.030783 0.012135
5.482000 0.002397 -0.027964 0.013937
5.489000 0.002587 -0.023828 0.016563
5.495000 0.001117 -0.022822 0.018194
5.502000 -0.000304 -0.025297 0.017850
5.508000 0.000428 -0.027516 0.016263
5.515000 0.003963 -0.026355 0.015094
5.521000 0.008523 -0.022444 0.015346
5.528000 0.011280 -0.018555 0.016655
5.534000 0.010105 -0.016941 0.017994
5.541000 0.005098 -0.018081 0.018633
5.547000 -0.000887 -0.020825 0.018591
5.554000 -0.004394 -0.023596 0.018222
5.560000 -0.003750 -0.025463 0.017571
5.566000 0.000206 -0.026305 0.016516
5.573000 0.004947 -0.026245 0.015309
5.579000 0.007929 -0.025491 0.014627
5.586000 0.007714 -0.024533 0.014796
5.592000 0.004793 -0.023822 0.015263
5.599000 0.001260 -0.023586 0.015246
5.605000 -0.001191 -0.023754 0.014567
5.612000 -0.001966 -0.023926 0.013823
5.618000 -0.000858 -0.023892 0.013860
5.625000 0.001936 -0.024045 0.014942
5.631000 0.005606 -0.025056 0.016591
5.637000 0.008210 -0.027177 0.018026
5.644000 0.007514 -0.029593 0.018615
5.650000 0.003799 -0.030841 0.018231
5.657000 -0.000572 -0.031165 0.017254
5.663000 -0.003525 -0.032331 0.016113
5.670000 -0.003204 -0.033151 0.014672
5.676000 0.001323 -0.029955 0.012320
5.683000 0.007981 -0.022929 0.008958
5.689000 0.011893 -0.017377 0.005729
5.696000 0.009530 -0.017590 0.004540
5.702000 0.002846 -0.021830 0.006533
5.709000 -0.003049 -0.025260 0.011004
5.715000 -0.005143 -0.026065 0.015805
5.722000 -0.004092 -0.026060 0.018633
5.728000 -0.002346 -0.026867 0.018260
5.735000 -0.001365 -0.027922 0.015205
5.741000 -0.001191 -0.028302 0.011745
5.747000 -0.001083 -0.027817 0.010765
5.754000 -0.000038 -0.026054 0.013802
5.760000 0.000965 -0.024045 0.019775
5.767000 0.000180 -0.024035 0.025285
5.773000 -0.000792 -0.024821 0.026894
5.780000 0.000900 -0.022817 0.023849
5.786000 0.004081 -0.018367 0.018275
5.793000 0.004192 -0.016517 0.013159
5.799000 -0.000352 -0.020520 0.010446
5.806000 -0.004919 -0.026794 0.010287
5.812000 -0.004233 -0.028891 0.011659
5.819000 0.001842 -0.024741 0.013141
5.825000 0.009440 -0.017974 0.013436
5.832000 0.014386 -0.013771 0.012133
5.838000 0.014783 -0.014437 0.010034
5.845000 0.011215 -0.018549 0.008677
5.851000 0.005704 -0.023053 0.009304
5.858000 0.000875 -0.025882 0.012087
5.864000 -0.001707 -0.027004 0.016080
5.871000 -0.002206 -0.026978 0.019627
5.877000 -0.001464 -0.025713 0.021526
5.883000 -0.000264 -0.023077 0.022105
5.890000 0.000827 -0.019916 0.022651
5.896000 0.001144 -0.017930 0.023740
5.903000 0.000429 -0.018226 0.024561
5.909000 -0.000443 -0.020431 0.024044
5.916000 -0.000871 -0.023196 0.022003
5.922000 -0.001361 -0.025114 0.019255
5.929000 -0.002375 -0.025499 0.017148
5.935000 -0.003585 -0.024583 0.016471
5.942000 -0.003978 -0.023200 0.016874
5.948000 -0.002887 -0.022375 0.017594
5.954000 -0.000489 -0.022657 0.018260
5.961000 0.002424 -0.023687 0.019074
5.967000 0.004177 -0.024736 0.020376
5.974000 0.003662 -0.025451 0.021876
5.980000 0.001909 -0.026122 0.022557
5.987000 0.000945 -0.027182 0.021370
5.994000 0.002009 -0.028231 0.017961
6.000000 0.004480 -0.028343 0.013219
6.006000 0.006981 -0.027143 0.009057
6.013000 0.008671 -0.025602 0.007091
6.020000 0.008150 -0.026136 0.007456
6.026000 0.004941 -0.029447 0.009006
6.032000 0.001474 -0.032071 0.010978
6.039000 0.000266 -0.029926 0.013902
6.045000 0.001537 -0.022682 0.018097
6.052000 0.003623 -0.015144 0.022357
6.058000 0.004305 -0.013917 0.024807
6.064000 0.003144 -0.019714 0.024559
6.071000 0.001955 -0.026277 0.022291
6.077000 0.002839 -0.027840 0.019208
6.084000 0.006189 -0.023964 0.015939
6.090000 0.010043 -0.018262 0.012688
6.097000 0.011885 -0.014941 0.010114
6.103000 0.010749 -0.015947 0.009366
6.110000 0.007970 -0.020021 0.010787
6.116000 0.005833 -0.024650 0.013342
6.122000 0.004769 -0.028022 0.015645
6.129000 0.003612 -0.028706 0.016875
6.135000 0.001609 -0.026981 0.016888
6.142000 -0.000887 -0.025857 0.016122
6.148000 -0.002246 -0.027278 0.015561
6.155000 -0.001144 -0.029201 0.016138
6.161000 0.002124 -0.027928 0.017775
6.168000 0.006225 -0.022297 0.019352
6.174000 0.008924 -0.015262 0.019432
6.181000 0.008036 -0.011277 0.017259
6.187000 0.003336 -0.012314 0.013620
6.194000 -0.002625 -0.016405 0.010513
6.200000 -0.005986 -0.020292 0.009680
6.206000 -0.005222 -0.023336 0.011460
6.213000 -0.001786 -0.026774 0.014634
6.219000 0.002393 -0.029593 0.017118
6.226000 0.005470 -0.029092 0.017197
6.232000 0.006270 -0.025143 0.014579
6.239000 0.005244 -0.020942 0.010618
6.245000 0.003538 -0.019714 0.007643
6.252000 0.001948 -0.021361 0.007445
6.258000 0.000313 -0.023005 0.009901
6.265000 -0.001973 -0.022689 0.013128
6.271000 -0.004663 -0.021331 0.015177
6.278000 -0.006395 -0.021087 0.015616
6.284000 -0.005704 -0.022745 0.015503
6.291000 -0.002744 -0.025541 0.016103
6.297000 0.001294 -0.028127 0.017823
6.304000 0.005448 -0.029437 0.020182
6.310000 0.007835 -0.030346 0.022245
6.316000 0.007137 -0.032201 0.022845
6.323000 0.005379 -0.033514 0.021157
6.329000 0.005572 -0.031774 0.017409
6.336000 0.007861 -0.027493 0.012768
6.342000 0.009532 -0.024117 0.008734
6.349000 0.008971 -0.023702 0.006524
6.356000 0.008113 -0.024220 0.006794
6.362000 0.008722 -0.022843 0.009641
6.369000 0.008711 -0.019850 0.014183
6.375000 0.004553 -0.017715 0.018522
6.381000 -0.003649 -0.017876 0.020870
6.388000 -0.011182 -0.019509 0.020902
6.395000 -0.013557 -0.021022 0.019909
6.401000 -0.010414 -0.021733 0.019337
6.408000 -0.004503 -0.022044 0.019577
6.414000 0.001044 -0.022431 0.020102
6.421000 0.004150 -0.022866 0.020244
6.427000 0.003816 -0.023251 0.019788
6.433000 0.000692 -0.023703 0.019072
6.440000 -0.002509 -0.024401 0.018777
6.446000 -0.002944 -0.025376 0.019364
6.453000 0.000210 -0.026409 0.020494
6.459000 0.005262 -0.027122 0.021071
6.466000 0.009388 -0.027207 0.019840
6.472000 0.010733 -0.026909 0.016445
6.479000 0.008701 -0.026953 0.012194
6.485000 0.003922 -0.027608 0.009280
6.492000 -0.001631 -0.028318 0.009168
6.498000 -0.005605 -0.028084 0.011716
6.505000 -0.006066 -0.026056 0.015474
6.511000 -0.003169 -0.023161 0.018620
6.517000 0.000501 -0.021646 0.019442
6.524000 0.003443 -0.021146 0.016908
6.530000 0.006400 -0.019201 0.012172
6.537000 0.009672 -0.016330 0.008507
6.544000 0.011832 -0.016148 0.008199
6.550000 0.011420 -0.020165 0.010336
6.557000 0.008993 -0.025423 0.012367
6.563000 0.006169 -0.028696 0.012766
6.570000 0.004491 -0.029546 0.011338
6.576000 0.005495 -0.027921 0.008331
6.583000 0.008491 -0.023770 0.005001
6.589000 0.010414 -0.019067 0.004057
6.595000 0.009494 -0.017259 0.008103
6.602000 0.006813 -0.020431 0.017079
6.608000 0.004836 -0.026491 0.027156
6.615000 0.004541 -0.031117 0.033105
6.621000 0.004407 -0.032671 0.032247
6.628000 0.003414 -0.032542 0.026213
6.634000 0.002923 -0.032175 0.019355
6.641000 0.004680 -0.031791 0.015504
6.647000 0.008288 -0.030947 0.015641
6.654000 0.011550 -0.029221 0.017839
6.660000 0.012609 -0.026686 0.019231
6.667000 0.010795 -0.024123 0.018205
6.673000 0.006963 -0.022598 0.015210
6.680000 0.003308 -0.022648 0.012150
6.686000 0.001695 -0.023806 0.010836
6.693000 0.002400 -0.025053 0.011734
6.699000 0.004050 -0.025646 0.014016
6.706000 0.004985 -0.025304 0.016377
6.712000 0.004512 -0.024137 0.017884
6.719000 0.002523 -0.022642 0.018401
6.725000 -0.000594 -0.021592 0.018260
6.732000 -0.003735 -0.021634 0.017617
6.738000 -0.005225 -0.022545 0.016368
6.745000 -0.003821 -0.023610 0.014621
6.751000 -0.000872 -0.025327 0.013042
6.758000 0.001297 -0.028170 0.012637
6.764000 0.003003 -0.030059 0.014085
6.771000 0.005511 -0.029240 0.016964
6.777000 0.008140 -0.027329 0.019507
6.783000 0.008959 -0.026666 0.019706
6.790000 0.007021 -0.027370 0.016909
6.796000 0.003945 -0.027130 0.012281
6.803000 0.002645 -0.023659 0.007999
6.809000 0.004431 -0.018002 0.005854
6.816000 0.007770 -0.014249 0.006319
6.822000 0.009664 -0.015361 0.008627
6.829000 0.008258 -0.019895 0.011450
6.835000 0.003601 -0.024121 0.013760
6.842000 -0.002616 -0.026225 0.015271
6.848000 -0.007465 -0.026784 0.016195
6.855000 -0.008739 -0.026481 0.016872
6.861000 -0.006431 -0.025151 0.017654
6.868000 -0.002752 -0.023656 0.018757
6.874000 -0.000391 -0.024260 0.019903
6.880000 0.000074 -0.027328 0.020478
6.887000 -0.000136 -0.029612 0.020065
6.893000 0.000508 -0.027216 0.018634
6.900000 0.002896 -0.020714 0.016682
6.906000 0.006164 -0.015977 0.015155
6.913000 0.008751 -0.017951 0.014840
6.919000 0.010065 -0.025217 0.015526
6.926000 0.010359 -0.031824 0.015740
6.932000 0.010122 -0.033093 0.014266
6.938000 0.009160 -0.029196 0.011852
6.945000 0.006606 -0.023978 0.010609
6.951000 0.002196 -0.020992 0.012042
6.958000 -0.002629 -0.020380 0.015803
6.964000 -0.004869 -0.019671 0.020050
6.971000 -0.002907 -0.018147 0.022831
6.977000 0.001419 -0.018129 0.023048
6.984000 0.005096 -0.020475 0.020772
6.990000 0.006795 -0.022500 0.017387
6.996000 0.007419 -0.021932 0.014685
7.003000 0.008126 -0.020134 0.013266
7.009000 0.008727 -0.019855 0.012431
7.016000 0.008890 -0.021040 0.011445
7.023000 0.008787 -0.021302 0.010325
7.029000 0.008756 -0.019704 0.009597
7.036000 0.008935 -0.018135 0.009691
7.042000 0.008671 -0.019073 0.010551
7.049000 0.007262 -0.022632 0.011925
7.055000 0.004431 -0.027467 0.014106
7.061000 0.000658 -0.032563 0.017438
7.068000 -0.001885 -0.035623 0.021007
7.074000 -0.001185 -0.034047 0.022949
7.081000 0.001725 -0.029453 0.021914
7.087000 0.003370 -0.027784 0.018048
7.094000 0.001926 -0.032216 0.013262
7.100000 -0.000102 -0.037116 0.010482
7.107000 0.000596 -0.033961 0.011540
7.113000 0.003876 -0.022848 0.015177
7.120000 0.007249 -0.013067 0.018009
7.126000 0.008860 -0.012493 0.017898
7.133000 0.008500 -0.020088 0.015720
7.139000 0.006479 -0.028967 0.013798
7.146000 0.003209 -0.033386 0.013203
7.152000 0.000097 -0.032090 0.013404
7.159000 -0.001180 -0.027406 0.013972
7.165000 -0.000359 -0.022634 0.015197
7.172000 0.000926 -0.019923 0.017201
7.178000 0.000709 -0.019325 0.019277
7.184000 -0.001305 -0.019623 0.020463
7.191000 -0.004059 -0.020095 0.020445
7.198000 -0.006155 -0.020869 0.019533
7.204000 -0.006222 -0.022000 0.018166
7.211000 -0.003630 -0.023034 0.016653
7.217000 0.001114 -0.023759 0.015324
7.223000 0.006267 -0.024958 0.014520
7.230000 0.009971 -0.027208 0.014187
7.236000 0.011456 -0.029516 0.014139
7.243000 0.009976 -0.030712 0.014835
7.249000 0.005610 -0.030779 0.017147
7.256000 0.001061 -0.030000 0.020921
7.262000 -0.000298 -0.028212 0.024042
7.269000 0.002534 -0.024921 0.023843
7.275000 0.006653 -0.021005 0.019771
7.282000 0.007499 -0.019550 0.013856
7.288000 0.004231 -0.022227 0.008785
7.294000 0.000737 -0.026556 0.006346
7.301000 0.001123 -0.028673 0.006765
7.307000 0.005415 -0.027521 0.008468
7.314000 0.009965 -0.025283 0.009131
7.321000 0.011293 -0.024649 0.007875
7.327000 0.008133 -0.027364 0.006407
7.333000 0.002399 -0.032760 0.007320
7.340000 -0.001297 -0.036127 0.011197
7.346000 -0.000154 -0.032404 0.015535
7.353000 0.003989 -0.022370 0.016785
7.359000 0.007007 -0.013183 0.013831
7.366000 0.006449 -0.011581 0.008797
7.372000 0.003147 -0.017406 0.004812
7.379000 -0.000863 -0.024933 0.004024
7.385000 -0.004305 -0.028203 0.006907
7.392000 -0.006551 -0.025071 0.012291
7.398000 -0.007164 -0.018602 0.018006
7.405000 -0.005662 -0.014248 0.022177
7.411000 -0.002427 -0.015176 0.024195
7.418000 0.000884 -0.020299 0.024403
7.424000 0.002891 -0.025926 0.023357
7.431000 0.003611 -0.028755 0.021430
7.437000 0.003687 -0.027939 0.019032
7.444000 0.003058 -0.025134 0.017063
7.450000 0.001541 -0.022786 0.016412
7.457000 0.000198 -0.022434 0.017013
7.463000 0.000537 -0.024072 0.017981
7.469000 0.002877 -0.026632 0.018638
7.476000 0.005858 -0.028963 0.018873
7.482000 0.007732 -0.030180 0.018613
7.489000 0.007816 -0.029875 0.017764
7.495000 0.006116 -0.028665 0.016655
7.502000 0.003602 -0.027763 0.016118
7.508000 0.002323 -0.027820 0.016846
7.515000 0.003157 -0.028801 0.018560
7.521000 0.005132 -0.030111 0.020230
7.528000 0.006463 -0.030626 0.020771
7.534000 0.005554 -0.029448 0.018901
7.540000 0.002792 -0.026333 0.013699
7.547000 0.000704 -0.021956 0.006566
7.553000 0.001662 -0.017992 0.001380
7.560000 0.005390 -0.016297 0.001414
7.566000 0.008772 -0.017874 0.006594
7.573000 0.008470 -0.022188 0.014076
7.579000 0.003155 -0.027912 0.020711
7.586000 -0.005127 -0.033214 0.024209
7.592000 -0.011571 -0.034905 0.022970
7.599000 -0.012565 -0.030300 0.016776
7.605000 -0.008152 -0.020794 0.008014
7.612000 -0.001315 -0.012423 0.001463
7.618000 0.004348 -0.011123 0.001423
7.625000 0.006997 -0.017074 0.008321
7.631000 0.006429 -0.025264 0.018573
7.637000 0.003782 -0.029797 0.027275
7.644000 0.001267 -0.027528 0.030997
7.650000 -0.000182 -0.020230 0.029280
7.657000 -0.001670 -0.012935 0.024417
7.663000 -0.004479 -0.009946 0.019550
7.670000 -0.008297 -0.012274 0.016458
7.676000 -0.010938 -0.017649 0.015168
7.683000 -0.010162 -0.022705 0.014993
7.689000 -0.005887 -0.025468 0.015255
7.696000 -0.000473 -0.026064 0.015502
7.702000 0.003631 -0.025504 0.015508
7.709000 0.005916 -0.024654 0.015235
7.715000 0.006686 -0.024049 0.014714
7.721000 0.005751 -0.023824 0.014135
7.728000 0.003089 -0.023850 0.014138
7.734000 -0.000019 -0.023931 0.015172
7.740000 -0.001526 -0.024056 0.016575
7.747000 -0.000880 -0.024528 0.017024
7.753000 0.000719 -0.025407 0.015831
7.760000 0.002042 -0.026105 0.013626
7.766000 0.002115 -0.025903 0.011811
7.773000 0.000119 -0.024910 0.011389
7.779000 -0.004214 -0.024277 0.012272
7.786000 -0.009607 -0.024410 0.013727
7.792000 -0.012859 -0.023744 0.015135
7.799000 -0.011928 -0.021756 0.016173
7.805000 -0.007755 -0.020725 0.016844
7.812000 -0.002244 -0.021863 0.017573
7.818000 0.002678 -0.023563 0.018635
7.824000 0.005352 -0.024213 0.019295
7.831000 0.005288 -0.024142 0.018311
7.837000 0.003252 -0.024748 0.015479
7.844000 0.000747 -0.025876 0.012077
7.850000 -0.001276 -0.025531 0.009649
7.857000 -0.003122 -0.023120 0.008827
7.863000 -0.005398 -0.021125 0.009529
7.870000 -0.007288 -0.022047 0.011544
7.876000 -0.006459 -0.024820 0.014380
7.883000 -0.002449 -0.026839 0.017188
7.889000 0.002149 -0.027538 0.019206
7.896000 0.004865 -0.027529 0.020013
7.902000 0.005018 -0.026536 0.019402
7.908000 0.003317 -0.023839 0.017599
7.915000 0.000996 -0.020700 0.015624
7.921000 -0.000854 -0.020526 0.014689
7.928000 -0.001135 -0.024822 0.015261
7.934000 0.000662 -0.030443 0.016679
7.941000 0.004024 -0.031922 0.017308
7.947000 0.007926 -0.026685 0.015675
7.954000 0.011218 -0.017936 0.011826
7.961000 0.012921 -0.011985 0.007870
7.967000 0.012120 -0.012883 0.006949
7.974000 0.008599 -0.019174 0.010356
7.980000 0.003704 -0.025631 0.015893
7.987000 -0.000453 -0.028150 0.019898
7.993000 -0.002449 -0.026666 0.020686
8.000000 -0.002469 -0.023885 0.019714
8.006000 -0.001532 -0.022278 0.019545
8.013000 -0.000280 -0.022684 0.021255
8.019000 0.000696 -0.024434 0.023709
8.025000 0.000702 -0.025933 0.024925
8.032000 -0.000566 -0.026009 0.024002
8.038000 -0.002184 -0.024830 0.021555
8.045000 -0.002162 -0.023264 0.018848
8.051000 -0.000331 -0.022017 0.017019
8.058000 0.000738 -0.021383 0.016652
8.064000 -0.000986 -0.021266 0.017505
8.071000 -0.004324 -0.021380 0.018605
8.077000 -0.005968 -0.021834 0.018931
8.084000 -0.004177 -0.023503 0.018184
8.090000 0.000071 -0.026714 0.016852
8.096000 0.004626 -0.030161 0.015839
8.103000 0.006761 -0.032878 0.015856
8.109000 0.005330 -0.035047 0.016503
8.116000 0.002683 -0.035831 0.016284
8.122000 0.002055 -0.033355 0.014114
8.129000 0.004392 -0.027167 0.010393
8.135000 0.007941 -0.019747 0.006494
8.142000 0.010268 -0.015105 0.003860
8.148000 0.010528 -0.015416 0.003616
8.155000 0.009368 -0.019315 0.006207
8.161000 0.007363 -0.023483 0.010984
8.168000 0.003774 -0.026235 0.016461
8.174000 -0.001983 -0.028270 0.020769
8.181000 -0.008077 -0.029602 0.022062
8.187000 -0.011691 -0.028568 0.019481
8.194000 -0.010972 -0.023862 0.013843
8.200000 -0.005932 -0.017021 0.007568
8.207000 0.000569 -0.012483 0.003774
8.213000 0.004590 -0.013188 0.004598
8.220000 0.004259 -0.017483 0.009841
8.226000 0.000676 -0.021981 0.016834
8.233000 -0.003226 -0.025822 0.022161
8.239000 -0.004181 -0.030183 0.024044
8.246000 -0.000116 -0.034396 0.023051
8.252000 0.007487 -0.035657 0.020990
8.259000 0.013819 -0.032616 0.019481
8.265000 0.015145 -0.027118 0.019235
8.272000 0.011832 -0.022481 0.019763
8.278000 0.007032 -0.021004 0.019621
8.285000 0.003389 -0.022701 0.017738
8.291000 0.001724 -0.025674 0.014587
8.298000 0.001719 -0.027844 0.011827
8.304000 0.002150 -0.028376 0.010858
8.310000 0.001798 -0.027545 0.011844
8.317000 0.000706 -0.025949 0.014002
8.323000 0.000045 -0.024200 0.016396
8.330000 0.001182 -0.023139 0.018360
8.336000 0.004272 -0.023625 0.019402
8.343000 0.008036 -0.025634 0.019079
8.349000 0.010905 -0.028075 0.017392
8.356000 0.011680 -0.029475 0.015134
8.362000 0.010092 -0.028878 0.013533
8.369000 0.006159 -0.027209 0.013559
8.375000 0.000116 -0.026062 0.015141
8.381000 -0.005165 -0.023799 0.016768
8.388000 -0.005896 -0.017915 0.016614
8.394000 -0.002507 -0.011282 0.014151
8.401000 0.000844 -0.009376 0.010297
8.407000 0.001468 -0.012815 0.006556
8.414000 0.000373 -0.017438 0.004203
8.420000 -0.000670 -0.020523 0.004019
8.426000 -0.001396 -0.023420 0.006340
8.433000 -0.001770 -0.027735 0.010723
8.439000 -0.001606 -0.031967 0.015718
8.446000 -0.001548 -0.033001 0.019446
8.452000 -0.002944 -0.030074 0.020860
8.459000 -0.006021 -0.025932 0.020267
8.465000 -0.008472 -0.023565 0.018577
8.472000 -0.007620 -0.023552 0.016684
8.478000 -0.003055 -0.024476 0.015589
8.485000 0.002916 -0.024940 0.016385
8.491000 0.006413 -0.024620 0.019107
8.498000 0.005700 -0.022996 0.021822
8.504000 0.002980 -0.019763 0.022316
8.510000 0.001209 -0.016589 0.020525
8.517000 0.000926 -0.015819 0.018455
8.523000 0.000286 -0.017871 0.018004
8.530000 -0.002078 -0.020615 0.019352
8.536000 -0.004806 -0.021432 0.021474
8.543000 -0.005112 -0.019967 0.023374
8.549000 -0.001906 -0.018347 0.024522
8.556000 0.002518 -0.018912 0.024674
8.562000 0.005079 -0.022015 0.023507
8.569000 0.005283 -0.025808 0.020743
8.575000 0.004570 -0.027913 0.016631
8.582000 0.004022 -0.027651 0.012248
8.588000 0.003275 -0.026879 0.009438
8.595000 0.001799 -0.027708 0.009751
8.601000 0.000482 -0.029544 0.013101
8.608000 0.000578 -0.029752 0.017592
8.614000 0.002487 -0.026965 0.020721
8.621000 0.005324 -0.023034 0.021285
8.627000 0.007152 -0.021368 0.020188
8.634000 0.006500 -0.023248 0.018993
8.640000 0.002806 -0.026891 0.018199
8.646000 -0.003249 -0.029626 0.017171
8.653000 -0.009180 -0.029681 0.015168
8.660000 -0.011972 -0.026612 0.012168
8.666000 -0.009971 -0.021574 0.008893
8.672000 -0.004724 -0.018095 0.006574
8.679000 0.000313 -0.019116 0.006556
8.685000 0.003889 -0.021816 0.009640
8.692000 0.006470 -0.021193 0.015575
8.698000 0.007033 -0.017520 0.022422
8.705000 0.003694 -0.014923 0.026722
8.711000 -0.003130 -0.015440 0.026095
8.717000 -0.009757 -0.017350 0.022030
8.724000 -0.012636 -0.018553 0.018653
8.730000 -0.011580 -0.019714 0.018333
8.737000 -0.008639 -0.022370 0.019870
8.743000 -0.005695 -0.025912 0.020969
8.750000 -0.003454 -0.028382 0.020916
8.756000 -0.001411 -0.028561 0.020356
8.763000 0.001427 -0.026490 0.019498
8.769000 0.004475 -0.023800 0.017893
8.776000 0.005046 -0.022744 0.015476
8.782000 0.002235 -0.023173 0.012522
8.789000 -0.001186 -0.023100 0.009561
8.795000 -0.002002 -0.022536 0.007699
8.802000 0.000497 -0.023762 0.007753
8.808000 0.004220 -0.027679 0.009140
8.815000 0.006629 -0.031539 0.010568
8.821000 0.007182 -0.031649 0.011804
8.828000 0.006892 -0.027742 0.013774
8.834000 0.006803 -0.023343 0.016891
8.841000 0.006947 -0.022145 0.020175
8.847000 0.006785 -0.024560 0.022073
8.854000 0.006314 -0.028023 0.021765
8.860000 0.005353 -0.030362 0.019697
8.867000 0.003324 -0.031664 0.017168
8.873000 0.000088 -0.032771 0.015544
8.879000 -0.003613 -0.032675 0.015562
8.886000 -0.005731 -0.028667 0.017001
8.893000 -0.004668 -0.020966 0.018875
8.899000 -0.001296 -0.014778 0.019971
8.905000 0.002009 -0.014614 0.019534
8.912000 0.003008 -0.019192 0.017747
8.918000 0.000857 -0.023595 0.015573
8.925000 -0.003480 -0.024845 0.014059
8.931000 -0.007598 -0.024180 0.013676
8.938000 -0.008740 -0.024139 0.014080
8.944000 -0.006218 -0.025484 0.014435
8.951000 -0.001566 -0.027148 0.014219
8.957000 0.003200 -0.028144 0.013890
8.964000 0.006200 -0.028645 0.014428
8.970000 0.006819 -0.028734 0.016154
8.977000 0.005790 -0.028722 0.018243
8.983000 0.003656 -0.030018 0.019245
8.990000 0.000933 -0.032503 0.018269
8.996000 -0.000635 -0.033171 0.015558
9.003000 0.001213 -0.029604 0.011770
9.009000 0.005995 -0.024143 0.007620
9.016000 0.009979 -0.021946 0.004146
9.022000 0.010582 -0.023986 0.002595
9.029000 0.008428 -0.025955 0.004154
9.035000 0.004857 -0.024345 0.009118
9.042000 -0.000009 -0.020183 0.015890
9.048000 -0.005839 -0.017021 0.021590
9.055000 -0.010245 -0.017288 0.024184
9.061000 -0.010608 -0.020622 0.023595
9.068000 -0.006851 -0.024520 0.020851
9.074000 -0.001362 -0.026405 0.017298
9.081000 0.002924 -0.025497 0.014514
9.087000 0.004327 -0.023145 0.013729
9.094000 0.002907 -0.021517 0.015012
9.100000 0.000216 -0.021705 0.017356
9.107000 -0.001492 -0.023264 0.019607
9.113000 -0.000773 -0.025235 0.021103
9.120000 0.002244 -0.027161 0.021604
9.126000 0.005997 -0.029046 0.021034
9.133000 0.008512 -0.030482 0.019430
9.139000 0.008800 -0.030741 0.017219
9.145000 0.006678 -0.029954 0.015167
9.152000 0.002516 -0.029145 0.014088
9.158000 -0.002291 -0.028874 0.014606
9.165000 -0.005519 -0.028786 0.016586
9.171000 -0.005326 -0.028681 0.019082
9.178000 -0.002482 -0.029229 0.021283
9.184000 0.000144 -0.030472 0.022383
9.191000 0.001501 -0.030282 0.020714
9.197000 0.003239 -0.026944 0.015532
9.204000 0.006755 -0.022450 0.009578
9.210000 0.010703 -0.020864 0.007010
9.217000 0.012007 -0.023994 0.008910
9.223000 0.009153 -0.029620 0.012740
9.230000 0.002671 -0.034356 0.015543
9.236000 -0.005464 -0.035957 0.015932
9.243000 -0.011264 -0.032028 0.013622
9.249000 -0.010996 -0.021700 0.009294
9.256000 -0.005229 -0.010440 0.005082
9.262000 0.000691 -0.008434 0.004021
9.269000 0.002356 -0.019612 0.008246
9.275000 0.001582 -0.034654 0.017188
9.282000 0.002543 -0.041257 0.027427
9.288000 0.005409 -0.038270 0.034384
9.295000 0.006782 -0.034047 0.034868
9.301000 0.004743 -0.034240 0.029139
9.308000 0.002058 -0.035728 0.020976
9.314000 0.003094 -0.032651 0.015108
9.320000 0.008167 -0.025047 0.013651
9.327000 0.012946 -0.018822 0.014967
9.333000 0.013512 -0.018409 0.015926
9.340000 0.010252 -0.022228 0.015073
9.346000 0.005647 -0.025784 0.013692
9.353000 0.001143 -0.026799 0.014010
9.360000 -0.002859 -0.026619 0.016674
9.366000 -0.006246 -0.027388 0.019659
9.373000 -0.008353 -0.028508 0.019787
9.379000 -0.008260 -0.027650 0.016207
9.386000 -0.005819 -0.024831 0.011641
9.392000 -0.001881 -0.023569 0.009520
9.398000 0.001906 -0.026907 0.010742
9.405000 0.004441 -0.032541 0.013638
9.411000 0.005550 -0.034830 0.016325
9.418000 0.005109 -0.031709 0.018199
9.424000 0.003775 -0.026575 0.019463
9.431000 0.002844 -0.024025 0.020104
9.437000 0.002945 -0.025516 0.019797
9.444000 0.004004 -0.028749 0.018656
9.450000 0.005610 -0.030457 0.017425
9.457000 0.007006 -0.029578 0.016831
9.463000 0.006712 -0.027833 0.016981
9.470000 0.003558 -0.027445 0.017368
9.476000 -0.001423 -0.028655 0.017383
9.483000 -0.005529 -0.029588 0.016835
9.489000 -0.006426 -0.028314 0.016043
9.496000 -0.003901 -0.024878 0.015443
9.502000 0.000203 -0.021170 0.015235
9.509000 0.003618 -0.019046 0.015465
9.515000 0.004342 -0.019079 0.015958
9.522000 0.001728 -0.020629 0.016176
9.528000 -0.002330 -0.022496 0.015666
9.535000 -0.004711 -0.023685 0.014695
9.541000 -0.003853 -0.024202 0.014172
9.548000 -0.001404 -0.025418 0.014798
9.554000 0.000328 -0.028264 0.016347
9.561000 0.001191 -0.031623 0.018002
9.567000 0.001416 -0.034488 0.019197
9.573000 0.000946 -0.036551 0.019736
9.580000 0.000934 -0.035703 0.019421
9.586000 0.002486 -0.029859 0.017895
9.593000 0.004883 -0.021383 0.014829
9.599000 0.006294 -0.016436 0.010670
9.606000 0.006258 -0.018628 0.006969
9.612000 0.006495 -0.024664 0.005383
9.619000 0.008133 -0.028389 0.006447
9.625000 0.009670 -0.027349 0.009425
9.632000 0.008149 -0.024112 0.013023
9.638000 0.002361 -0.022746 0.015929
9.645000 -0.005254 -0.024746 0.017090
9.651000 -0.010464 -0.027832 0.016317
9.658000 -0.010264 -0.028388 0.015056
9.664000 -0.005322 -0.026097 0.015859
9.671000 0.000542 -0.024051 0.019638
9.677000 0.004539 -0.023219 0.024081
9.684000 0.006491 -0.021730 0.025978
9.690000 0.006887 -0.019418 0.024050
9.697000 0.005769 -0.018643 0.019229
9.703000 0.003262 -0.020706 0.013634
9.710000 0.000437 -0.023422 0.009723
9.716000 -0.001698 -0.023448 0.009211
9.723000 -0.003266 -0.020260 0.011904
9.729000 -0.004517 -0.016771 0.016059
9.736000 -0.005244 -0.016347 0.019727
9.742000 -0.005069 -0.019475 0.021491
9.749000 -0.004020 -0.023641 0.021092
9.755000 -0.002830 -0.026084 0.019596
9.762000 -0.002165 -0.026154 0.018481
9.768000 -0.002127 -0.025262 0.018645
9.775000 -0.002385 -0.024952 0.020141
9.781000 -0.002562 -0.025326 0.022442
9.788000 -0.002272 -0.025313 0.024689
9.794000 -0.001091 -0.024220 0.025958
9.801000 0.000339 -0.022661 0.025693
9.807000 0.000469 -0.021742 0.024109
9.814000 -0.001161 -0.021879 0.022094
9.820000 -0.002946 -0.022641 0.020500
9.827000 -0.002429 -0.023497 0.019577
9.833000 0.001117 -0.024468 0.018964
9.840000 0.006117 -0.025736 0.018157
9.846000 0.010285 -0.027016 0.017127
9.853000 0.011701 -0.027770 0.016158
9.859000 0.009777 -0.028047 0.015355
9.866000 0.005133 -0.028933 0.014963
9.872000 -0.000530 -0.030611 0.015493
9.878000 -0.003995 -0.030724 0.016667
9.885000 -0.003502 -0.028648 0.016972
9.891000 -0.000700 -0.028173 0.015103
9.898000 0.002924 -0.030965 0.011661
9.904000 0.007921 -0.032832 0.009131
9.911000 0.013781 -0.030108 0.009753
9.917000 0.017169 -0.024699 0.013180
9.924000 0.015556 -0.020732 0.016752
9.930000 0.010601 -0.019692 0.018280
9.937000 0.005929 -0.019963 0.017584
9.943000 0.003433 -0.019646 0.015287
9.950000 0.002034 -0.019961 0.011926
9.956000 0.000125 -0.023447 0.008431
9.963000 -0.001198 -0.028228 0.006118
9.970000 -0.000350 -0.030032 0.006230
9.976000 0.001781 -0.028682 0.009423
9.982000 0.003714 -0.027343 0.015019
9.989000 0.005152 -0.027618 0.020905
9.995000 0.006312 -0.028028 0.024722
10.002000 0.006497 -0.026947 0.025285
10.008000 0.004473 -0.025189 0.022847
10.015000 0.001091 -0.024266 0.018615
10.022000 -0.000999 -0.024113 0.014284
10.028000 -0.000666 -0.023888 0.011707
10.035000 0.000977 -0.023560 0.012186
10.041000 0.002801 -0.023789 0.015231
10.048000 0.004584 -0.024764 0.018541
10.055000 0.005989 -0.025749 0.019947
10.061000 0.006341 -0.025898 0.019155
10.068000 0.005298 -0.025176 0.017441
10.075000 0.003447 -0.024215 0.016057
10.081000 0.002100 -0.023705 0.015299
10.088000 0.001836 -0.023871 0.014847
10.094000 0.002063 -0.024327 0.014643
10.101000 0.002003 -0.024648 0.015056
10.107000 0.001554 -0.024799 0.016216
10.114000 0.000973 -0.025094 0.017507
10.121000 -0.000499 -0.026086 0.017903
10.127000 -0.003814 -0.027790 0.016925
10.134000 -0.008086 -0.029051 0.015278
10.140000 -0.011128 -0.028707 0.014327
10.147000 -0.010905 -0.026826 0.014830
10.154000 -0.007175 -0.024683 0.016090
10.160000 -0.002159 -0.023784 0.016352
10.167000 0.001754 -0.024060 0.014395
10.173000 0.003745 -0.024225 0.010911
10.180000 0.003712 -0.024347 0.007911
10.186000 0.001493 -0.026163 0.006951
10.193000 -0.001869 -0.030468 0.008371
10.200000 -0.003533 -0.035050 0.011441
10.206000 -0.001956 -0.036079 0.014672
10.213000 0.000910 -0.031659 0.016464
10.220000 0.002210 -0.024167 0.016048
10.226000 0.001940 -0.018650 0.014099
10.233000 0.002442 -0.018303 0.012202
10.239000 0.004330 -0.022562 0.011670
10.246000 0.005947 -0.028546 0.013327
10.253000 0.006103 -0.033010 0.017552
10.259000 0.004847 -0.033630 0.023120
10.266000 0.003081 -0.029561 0.027189
10.272000 0.001692 -0.022813 0.027834
10.279000 0.000749 -0.018189 0.025523
10.286000 0.000204 -0.018985 0.021797
10.292000 0.000681 -0.023170 0.017890
10.299000 0.002712 -0.025455 0.015025
10.305000 0.004775 -0.022760 0.014556
10.312000 0.003832 -0.016771 0.016771
10.318000 -0.000862 -0.011861 0.020246
10.325000 -0.006182 -0.011453 0.022641
10.332000 -0.007989 -0.015811 0.022250
10.338000 -0.005127 -0.022239 0.019455
10.345000 -0.000136 -0.027108 0.016437
10.352000 0.003687 -0.028384 0.015137
10.358000 0.004855 -0.026630 0.015702
10.365000 0.003765 -0.024046 0.016896
10.371000 0.001403 -0.022932 0.017625
10.378000 -0.000920 -0.024097 0.017804
10.385000 -0.001762 -0.026152 0.018098
10.391000 -0.001222 -0.026796 0.018925
10.398000 -0.000822 -0.025036 0.019614
10.405000 -0.001132 -0.022303 0.018952
10.411000 -0.000497 -0.021149 0.016618
10.418000 0.002752 -0.022793 0.013645
10.425000 0.006997 -0.026026 0.011335
10.431000 0.009004 -0.028385 0.009934
10.438000 0.007372 -0.029056 0.008847
10.445000 0.002941 -0.028931 0.007860
10.451000 -0.001336 -0.026932 0.007632
10.458000 -0.002484 -0.021944 0.009363
10.464000 -0.000678 -0.017706 0.013641
10.471000 0.001851 -0.018878 0.019065
10.478000 0.004059 -0.024301 0.022787
10.484000 0.006581 -0.028297 0.022992
10.491000 0.009281 -0.027262 0.020315
10.497000 0.010060 -0.023112 0.016753
10.504000 0.007229 -0.020338 0.013955
10.511000 0.002175 -0.020997 0.012407
10.517000 -0.001458 -0.023376 0.011584
10.524000 -0.001743 -0.025132 0.010901
10.531000 -0.000245 -0.026123 0.010317
10.537000 0.000615 -0.027568 0.010061
10.544000 0.000374 -0.029296 0.010289
10.551000 0.000423 -0.028967 0.011043
10.557000 0.001486 -0.025601 0.012260
10.564000 0.002765 -0.022090 0.013833
10.570000 0.003558 -0.021798 0.015607
10.577000 0.003553 -0.024492 0.016850
10.584000 0.002562 -0.026925 0.016480
10.590000 0.000986 -0.026381 0.014706
10.597000 -0.000117 -0.023042 0.013443
10.603000 0.000372 -0.019430 0.014249
10.610000 0.002398 -0.018122 0.016495
10.617000 0.004371 -0.019922 0.018302
10.623000 0.004675 -0.023755 0.018740
10.629000 0.003566 -0.027391 0.018315
10.636000 0.002503 -0.028733 0.017837
10.643000 0.001297 -0.027935 0.017628
10.649000 -0.001080 -0.027176 0.017513
10.656000 -0.003510 -0.027478 0.017056
10.662000 -0.003585 -0.027285 0.015791
10.669000 -0.000274 -0.024469 0.013551
10.676000 0.004668 -0.019790 0.011071
10.682000 0.007689 -0.017541 0.009934
10.689000 0.006693 -0.020694 0.011116
10.696000 0.002997 -0.026822 0.013814
10.702000 -0.000455 -0.030820 0.016094
10.709000 -0.002613 -0.030456 0.016635
10.715000 -0.004322 -0.027775 0.015880
10.722000 -0.005597 -0.026208 0.015446
10.729000 -0.005418 -0.027481 0.016514
10.735000 -0.002972 -0.030088 0.018920
10.742000 0.001046 -0.031286 0.021328
10.748000 0.003949 -0.030611 0.021817
10.755000 0.003457 -0.029511 0.019264
10.761000 0.000247 -0.029302 0.014801
10.768000 -0.002678 -0.030614 0.010947
10.775000 -0.003118 -0.033281 0.009250
10.781000 -0.001275 -0.036272 0.009658
10.788000 0.001625 -0.038014 0.011877
10.795000 0.003923 -0.037429 0.015867
10.801000 0.003461 -0.034480 0.020805
10.808000 -0.000890 -0.030085 0.025112
10.814000 -0.007158 -0.025844 0.027642
10.821000 -0.010477 -0.023133 0.027900
10.828000 -0.007522 -0.022354 0.025689
10.834000 -0.000082 -0.022774 0.021388
10.841000 0.007054 -0.023159 0.016309
10.848000 0.010694 -0.022946 0.011871
10.854000 0.010854 -0.022681 0.008605
10.861000 0.008638 -0.023175 0.006672
10.867000 0.005083 -0.024171 0.006824
10.874000 0.001727 -0.024509 0.009997
10.880000 -0.000078 -0.023594 0.015813
10.887000 -0.000453 -0.021974 0.022107
10.894000 -0.001165 -0.020643 0.026279
10.900000 -0.003572 -0.020226 0.026850
10.907000 -0.006282 -0.020780 0.024146
10.914000 -0.006219 -0.021916 0.019827
10.920000 -0.002034 -0.023326 0.015758
10.927000 0.004014 -0.025477 0.013176
10.933000 0.008456 -0.028771 0.012283
10.940000 0.009724 -0.032358 0.012357
10.947000 0.007949 -0.035024 0.012761
10.953000 0.004719 -0.035873 0.013909
10.960000 0.002497 -0.034203 0.016661
10.966000 0.002397 -0.030243 0.020518
10.973000 0.003627 -0.025368 0.023367
10.980000 0.004240 -0.021765 0.023444
10.986000 0.002553 -0.021645 0.020612
10.993000 -0.000820 -0.025298 0.015961
10.999000 -0.002806 -0.030038 0.011429
11.006000 -0.000748 -0.032128 0.009221
11.013000 0.003861 -0.030924 0.010294
11.019000 0.006390 -0.029616 0.013369
11.026000 0.004397 -0.030667 0.015915
11.032000 -0.000026 -0.032531 0.016100
11.039000 -0.002609 -0.031562 0.014038
11.045000 -0.000964 -0.027005 0.011699
11.052000 0.003402 -0.023011 0.011302
11.059000 0.006823 -0.024293 0.013401
11.065000 0.006711 -0.030316 0.016321
11.072000 0.003527 -0.034559 0.017434
11.078000 -0.000418 -0.031085 0.015678
11.085000 -0.003141 -0.021447 0.012717
11.092000 -0.003257 -0.012762 0.011327
11.098000 -0.000279 -0.010253 0.012953
11.105000 0.004255 -0.013717 0.016857
11.112000 0.007204 -0.019682 0.021049
11.118000 0.006645 -0.024556 0.023443
11.125000 0.003888 -0.026368 0.022836
11.132000 0.001639 -0.025520 0.019818
11.138000 0.000978 -0.024110 0.016733
11.145000 0.000866 -0.023817 0.016028
11.151000 0.000198 -0.024355 0.018118
11.158000 -0.000526 -0.024406 0.021201
11.165000 0.000148 -0.023712 0.023268
11.171000 0.003085 -0.023572 0.023747
11.178000 0.007329 -0.025182 0.023136
11.185000 0.010305 -0.027809 0.021779
11.191000 0.009749 -0.029245 0.019648
11.198000 0.005716 -0.028184 0.016935
11.204000 0.001225 -0.025843 0.014367
11.211000 -0.000140 -0.025005 0.012811
11.217000 0.002536 -0.026949 0.012270
11.224000 0.006866 -0.029891 0.011958
11.230000 0.008396 -0.031625 0.011904
11.237000 0.004483 -0.031510 0.013171
11.244000 -0.002266 -0.029101 0.016146
11.250000 -0.006821 -0.024567 0.019639
11.257000 -0.006709 -0.020132 0.021549
11.264000 -0.003162 -0.018404 0.020347
11.270000 0.001247 -0.019902 0.016647
11.277000 0.004906 -0.023075 0.013144
11.283000 0.007315 -0.025780 0.012564
11.290000 0.008611 -0.026457 0.015594
11.297000 0.008548 -0.025683 0.020176
11.303000 0.006296 -0.025644 0.022510
11.310000 0.002203 -0.026216 0.019942
11.317000 -0.001873 -0.024048 0.013531
11.323000 -0.004147 -0.017200 0.007311
11.330000 -0.004262 -0.009560 0.005392
11.336000 -0.002668 -0.008199 0.009601
11.343000 0.000798 -0.015362 0.018388
11.349000 0.006007 -0.025542 0.027389
11.356000 0.011495 -0.030851 0.032030
11.363000 0.014975 -0.028338 0.030580
11.369000 0.014205 -0.022316 0.024773
11.376000 0.008883 -0.019494 0.018001
11.382000 0.001920 -0.022506 0.013306
11.389000 -0.002366 -0.028452 0.012222
11.396000 -0.001926 -0.032458 0.014324
11.402000 0.001216 -0.031806 0.017598
11.409000 0.003109 -0.027408 0.019827
11.416000 0.001546 -0.022596 0.020042
11.422000 -0.002246 -0.020543 0.018706
11.429000 -0.005212 -0.022067 0.016795
11.435000 -0.005085 -0.025369 0.015053
11.442000 -0.001893 -0.027984 0.014059
11.449000 0.001846 -0.028761 0.014294
11.455000 0.003328 -0.027979 0.015664
11.462000 0.002188 -0.026408 0.017234
11.468000 0.000795 -0.024695 0.017990
11.475000 0.001904 -0.023515 0.017846
11.482000 0.005094 -0.023771 0.017489
11.488000 0.006506 -0.025736 0.017314
11.495000 0.002738 -0.028274 0.017079
11.501000 -0.005463 -0.029596 0.016725
11.508000 -0.012903 -0.028486 0.016772
11.515000 -0.014517 -0.025688 0.017257
11.521000 -0.009913 -0.023764 0.017085
11.528000 -0.002174 -0.023725 0.015283
11.534000 0.005530 -0.023459 0.012220
11.541000 0.010903 -0.021162 0.009014
11.548000 0.011945 -0.018758 0.006683
11.554000 0.008410 -0.019592 0.006036
11.561000 0.003855 -0.023032 0.007361
11.567000 0.002665 -0.024812 0.010090
11.574000 0.004732 -0.022811 0.012835
11.581000 0.005146 -0.019774 0.014145
11.587000 0.000376 -0.019800 0.013710
11.594000 -0.006136 -0.023393 0.012679
11.601000 -0.007453 -0.027433 0.012781
11.607000 -0.001337 -0.029096 0.014741
11.614000 0.007375 -0.028577 0.017230
11.621000 0.012403 -0.027691 0.018090
11.627000 0.012251 -0.026731 0.017001
11.634000 0.009368 -0.025312 0.015928
11.640000 0.005958 -0.024633 0.016478
11.647000 0.002935 -0.025860 0.017923
11.654000 0.000964 -0.027628 0.018200
11.660000 0.000828 -0.027205 0.016582
11.667000 0.002639 -0.024090 0.014787
11.673000 0.005523 -0.020788 0.014981
11.680000 0.008251 -0.019664 0.017279
11.686000 0.010003 -0.020721 0.019595
11.693000 0.010662 -0.022729 0.019938
11.700000 0.009911 -0.024840 0.018470
11.707000 0.007265 -0.026484 0.016774
11.713000 0.003509 -0.027060 0.015865
11.720000 0.000791 -0.026462 0.015682
11.726000 0.000699 -0.025396 0.016096
11.733000 0.002140 -0.024699 0.017194
11.740000 0.002506 -0.024398 0.018545
11.746000 0.001150 -0.023854 0.019252
11.753000 0.000216 -0.022776 0.018673
11.759000 0.002034 -0.021804 0.016933
11.766000 0.005854 -0.021906 0.015014
11.773000 0.007944 -0.023229 0.013940
11.779000 0.005383 -0.024836 0.013848
11.786000 -0.000685 -0.025565 0.014083
11.793000 -0.005946 -0.025342 0.014083
11.799000 -0.008100 -0.026176 0.014012
11.806000 -0.008701 -0.029457 0.014191
11.813000 -0.008429 -0.031579 0.014244
11.819000 -0.005409 -0.027693 0.013574
11.825000 0.000580 -0.019542 0.012267
11.832000 0.005994 -0.014317 0.010935
11.839000 0.007223 -0.016601 0.009986
11.845000 0.005061 -0.023555 0.009470
11.852000 0.003680 -0.027948 0.009457
11.858000 0.005934 -0.025780 0.010122
11.865000 0.010439 -0.020391 0.011626
11.872000 0.013034 -0.018118 0.014074
11.878000 0.011276 -0.020680 0.017361
11.885000 0.006380 -0.024749 0.020817
11.892000 0.001214 -0.027547 0.023283
11.898000 -0.002229 -0.028921 0.023948
11.905000 -0.003539 -0.028764 0.022746
11.912000 -0.002952 -0.025900 0.020243
11.918000 -0.001214 -0.021038 0.017709
11.925000 0.000599 -0.018247 0.016485
11.931000 0.002166 -0.021068 0.016806
11.938000 0.003644 -0.028038 0.017595
11.945000 0.004441 -0.033303 0.017730
11.951000 0.002969 -0.032319 0.017224
11.958000 -0.001126 -0.026086 0.016703
11.965000 -0.004809 -0.019258 0.016544
11.971000 -0.004028 -0.015471 0.016784
11.978000 0.001929 -0.015202 0.017410
11.985000 0.009353 -0.017314 0.018620
11.992000 0.013651 -0.020887 0.020391
11.998000 0.013304 -0.024891 0.022158
12.005000 0.010039 -0.027657 0.023086
12.011000 0.006548 -0.028024 0.022327
12.018000 0.004359 -0.026533 0.019634
12.025000 0.003404 -0.024767 0.016205
12.031000 0.003101 -0.023972 0.013982
12.038000 0.003156 -0.024320 0.013499
12.045000 0.003034 -0.025001 0.013650
12.051000 0.001273 -0.025133 0.013866
12.058000 -0.002491 -0.024543 0.014711
12.065000 -0.005394 -0.023672 0.016171
12.071000 -0.003842 -0.023111 0.017067
12.078000 0.002298 -0.023285 0.016454
12.084000 0.009109 -0.024266 0.014647
12.091000 0.012574 -0.025760 0.012886
12.098000 0.011909 -0.027235 0.012517
12.104000 0.008522 -0.027865 0.014015
12.111000 0.003819 -0.026853 0.016410
12.118000 -0.001448 -0.024744 0.018001
12.124000 -0.005993 -0.023193 0.017867
12.131000 -0.007538 -0.022823 0.016787
12.137000 -0.004982 -0.022691 0.016143
12.144000 0.000456 -0.021565 0.015856
12.150000 0.006084 -0.019667 0.014467
12.157000 0.009460 -0.018950 0.011297
12.164000 0.010198 -0.020515 0.007822
12.170000 0.009483 -0.023058 0.006633
12.177000 0.008499 -0.024576 0.008800
12.184000 0.007333 -0.024869 0.012735
12.190000 0.005195 -0.025003 0.016001
12.197000 0.002334 -0.024295 0.017620
12.204000 0.000069 -0.021183 0.018096
12.210000 -0.000790 -0.016639 0.017623
12.217000 -0.000387 -0.014000 0.015815
12.223000 0.000524 -0.015650 0.013478
12.230000 0.001667 -0.020034 0.012878
12.237000 0.003366 -0.023035 0.014875
12.243000 0.005111 -0.023030 0.016961
12.250000 0.005269 -0.023060 0.016457
12.257000 0.003275 -0.026695 0.014393
12.263000 0.001137 -0.032504 0.013902
12.270000 0.000654 -0.035195 0.016130
12.277000 0.000979 -0.032039 0.019392
12.283000 0.000953 -0.025770 0.021524
12.290000 0.001465 -0.021340 0.021732
12.297000 0.003638 -0.021270 0.020557
12.303000 0.006154 -0.024105 0.019123
12.310000 0.006482 -0.026645 0.018355
12.316000 0.004081 -0.027206 0.018449
12.323000 0.001125 -0.026496 0.018919
12.330000 0.000363 -0.026060 0.019152
12.336000 0.002452 -0.026589 0.018816
12.343000 0.005774 -0.027347 0.017902
12.349000 0.008153 -0.026977 0.016695
12.356000 0.008046 -0.024909 0.015546
12.362000 0.005421 -0.022195 0.014772
12.369000 0.001983 -0.020941 0.014889
12.375000 0.000332 -0.022151 0.016479
12.382000 0.001843 -0.024798 0.019434
12.389000 0.004760 -0.028121 0.022297
12.395000 0.006326 -0.032388 0.023045
12.402000 0.005865 -0.036068 0.020851
12.408000 0.004432 -0.035857 0.016486
12.415000 0.003215 -0.030944 0.011601
12.422000 0.002290 -0.025312 0.008352
12.429000 0.000765 -0.024155 0.008264
12.435000 -0.001544 -0.028063 0.010463
12.442000 -0.003122 -0.032434 0.012352
12.449000 -0.001767 -0.032464 0.012676
12.455000 0.003042 -0.027332 0.012765
12.462000 0.009224 -0.019950 0.014253
12.468000 0.013226 -0.014356 0.016628
12.475000 0.012053 -0.013131 0.017484
12.482000 0.005712 -0.015933 0.014845
12.488000 -0.002369 -0.020759 0.009502
12.495000 -0.007277 -0.025950 0.005009
12.501000 -0.006108 -0.030617 0.005052
12.508000 -0.000627 -0.033881 0.010528
12.515000 0.004923 -0.033852 0.018925
12.521000 0.007740 -0.029270 0.026185
12.528000 0.007561 -0.022003 0.028709
12.534000 0.005782 -0.016074 0.025137
12.541000 0.004271 -0.014771 0.017887
12.548000 0.004660 -0.018181 0.012115
12.554000 0.007451 -0.023000 0.011865
12.561000 0.011490 -0.025549 0.016943
12.567000 0.014682 -0.024923 0.023478
12.574000 0.014968 -0.023112 0.027163
12.581000 0.011510 -0.022665 0.026272
12.587000 0.005443 -0.024419 0.022383
12.594000 -0.000583 -0.027035 0.018470
12.600000 -0.004000 -0.028528 0.016553
12.607000 -0.004037 -0.028010 0.016868
12.614000 -0.001910 -0.026116 0.018520
12.620000 0.000216 -0.024212 0.020195
12.627000 0.001057 -0.023205 0.020427
12.634000 0.001283 -0.023104 0.018547
12.640000 0.001919 -0.023430 0.015631
12.647000 0.002373 -0.023693 0.013594
12.654000 0.000905 -0.023668 0.013349
12.660000 -0.002425 -0.023558 0.014261
12.667000 -0.004663 -0.024139 0.015106
12.673000 -0.003803 -0.026346 0.015086
12.680000 -0.001450 -0.029915 0.014119
