3.86999989 0.17956513 -0.35194764 9.97903252
3.87700009 0.18914193 -0.34476504 10.00776291
3.88400006 0.18435353 -0.36391866 9.99579239
3.89000010 0.15801731 -0.35673606 9.97663879
3.89700007 0.16759412 -0.35434186 9.95748520
3.90400004 0.17956513 -0.35913026 9.99339771
3.91000009 0.19871874 -0.35913026 9.96945572
3.91700006 0.17956513 -0.36152446 9.95987892
3.92400002 0.17717093 -0.35913026 9.95748520
3.93000007 0.16519992 -0.37828386 10.00058079
3.93700004 0.17477672 -0.37588966 9.98382092
3.94400001 0.19393034 -0.34476504 9.98382092
3.95000005 0.16280572 -0.35913026 9.97424412
3.95700002 0.18195933 -0.37110126 10.00536919
3.96399999 0.19393034 -0.37828386 9.99818611
3.97000003 0.20590134 -0.36152446 9.97424412
3.97700000 0.16280572 -0.36391866 10.01015759
3.98399997 0.16998832 -0.35913026 10.00297451
3.99099994 0.18195933 -0.35913026 10.01494598
3.99699998 0.15562311 -0.38067806 9.99100399
4.00400019 0.16998832 -0.34955344 9.98142719
4.01100016 0.19632454 -0.38546649 9.95269680
4.01700020 0.18914193 -0.37349546 10.01973438
4.02400017 0.19632454 -0.38067806 9.98860931
4.03100014 0.21547815 -0.36631286 9.97663879
4.03700018 0.17717093 -0.37110126 9.95509052
4.04400015 0.18195933 -0.37349546 10.00058079
4.05100012 0.21068975 -0.36152446 10.00776291
4.05800009 0.20111294 -0.36391866 10.02452278
4.06400013 0.17238252 -0.36870706 10.00058079
4.07100010 0.16280572 -0.36391866 10.01494598
4.07800007 0.16998832 -0.37349546 9.96945572
4.08500004 0.16998832 -0.36152446 9.96466732
4.09100008 0.16998832 -0.33997664 10.02691650
4.09800005 0.18435353 -0.35194764 9.99339771
4.10500002 0.17717093 -0.34955344 9.99339771
4.11100006 0.16519992 -0.36631286 10.00297451
4.11800003 0.18674773 -0.35434186 9.93593693
4.12500000 0.17956513 -0.35913026 9.97663879
4.13100004 0.18914193 -0.36391866 10.00058079
4.13800001 0.19153613 -0.37110126 10.00536919
4.14499998 0.18674773 -0.36391866 9.98142719
4.15199995 0.17717093 -0.36870706 10.00536919
4.15799999 0.18674773 -0.35673606 9.99579239
4.16499996 0.17238252 -0.35913026 9.99818611
4.17199993 0.16519992 -0.36631286 9.96466732
4.17799997 0.19153613 -0.36870706 10.00536919
4.18499994 0.19632454 -0.33518824 10.00776291
4.19199991 0.16280572 -0.35673606 9.98142719
4.19899988 0.16280572 -0.36870706 10.00297451
4.20499992 0.17956513 -0.33997664 9.99339771
4.21199989 0.14844051 -0.37588966 9.99818611
4.21899986 0.13646950 -0.38067806 9.96706200
4.22499990 0.17477672 -0.36870706 9.96227360
4.23199987 0.17477672 -0.34476504 10.00058079
4.23899984 0.17238252 -0.36870706 9.94790840
4.24499989 0.17717093 -0.33758244 9.98860931
4.25199986 0.16041151 -0.35434186 9.98860931
4.25899982 0.16998832 -0.35434186 9.98382092
4.26499987 0.19871874 -0.36631286 9.96706200
4.27199984 0.18435353 -0.37110126 9.99339771
4.27899981 0.19393034 -0.38067806 9.98860931
4.28499985 0.16519992 -0.34237084 9.95509052
4.29199982 0.18674773 -0.34955344 9.96466732
4.29899979 0.18195933 -0.36631286 9.97903252
4.30499983 0.17477672 -0.36870706 10.02931118
4.31199980 0.17238252 -0.34237084 9.97424412
4.31899977 0.17238252 -0.35434186 9.98382092
4.32499981 0.16519992 -0.36631286 9.97903252
4.33199978 0.19153613 -0.35434186 9.94790840
4.33900023 0.18435353 -0.38786069 9.97185040
4.34499979 0.19393034 -0.37110126 9.95748520
4.35200024 0.21308395 -0.37349546 10.00058079
4.35900021 0.18195933 -0.36152446 10.00297451
4.36499977 0.16519992 -0.35913026 10.02452278
4.37200022 0.19871874 -0.35913026 10.00776291
4.37900019 0.17717093 -0.34715924 9.98860931
4.38600016 0.17717093 -0.35913026 9.97663879
4.39200020 0.17717093 -0.36870706 9.99579239
4.39900017 0.18195933 -0.38546649 9.95269680
4.40600014 0.18195933 -0.32800564 10.00058079
4.41200018 0.19632454 -0.37828386 9.97424412
4.41900015 0.17717093 -0.36631286 9.99339771
4.42600012 0.18674773 -0.37349546 10.00058079
4.43200016 0.15562311 -0.37349546 9.97903252
4.43900013 0.16759412 -0.33997664 9.96945572
4.44600010 0.19153613 -0.35194764 10.03170490
4.45300007 0.17238252 -0.36631286 10.04128170
4.45900011 0.18435353 -0.37828386 9.99339771
4.46600008 0.18195933 -0.36391866 10.01494598
4.47300005 0.16280572 -0.35434186 10.01015759
4.48000002 0.18195933 -0.37110126 10.02212811
4.48600006 0.16519992 -0.35434186 10.01015759
4.49300003 0.15801731 -0.33039984 9.98860931
4.50000000 0.15562311 -0.36152446 10.00297451
4.50699997 0.16759412 -0.34955344 9.96227360
4.51300001 0.16041151 -0.36152446 9.97663879
4.51999998 0.17477672 -0.37349546 9.94790840
4.52600002 0.18195933 -0.37110126 9.99100399
4.53299999 0.17477672 -0.33997664 9.97185040
4.53999996 0.16759412 -0.36391866 10.02452278
4.54699993 0.19632454 -0.36152446 10.04128170
4.55299997 0.17956513 -0.35434186 9.99818611
4.55999994 0.18195933 -0.38546649 9.98382092
4.56699991 0.17956513 -0.37349546 9.95987892
4.57299995 0.17477672 -0.36870706 9.98621559
4.57999992 0.18674773 -0.36391866 9.96706200
4.58699989 0.19153613 -0.36152446 10.00536919
4.59299994 0.17238252 -0.37588966 9.99100399
4.59999990 0.16280572 -0.37110126 10.00058079
4.60699987 0.17717093 -0.35913026 9.97185040
4.61299992 0.16998832 -0.37110126 9.97903252
4.61999989 0.16998832 -0.35434186 9.99818611
4.62699986 0.20350714 -0.38307226 9.96227360
4.63299990 0.17956513 -0.35194764 10.00776291
4.63999987 0.16998832 -0.34237084 9.96706200
4.64699984 0.20829555 -0.34715924 9.98860931
4.65299988 0.17238252 -0.33997664 10.01015759
4.65999985 0.17717093 -0.37349546 9.98142719
4.66699982 0.17717093 -0.37828386 10.00297451
4.67399979 0.19393034 -0.34237084 9.98382092
4.67999983 0.18674773 -0.37349546 9.99339771
4.68699980 0.18914193 -0.34955344 9.97424412
4.69399977 0.17956513 -0.35194764 9.97903252
4.69999981 0.18914193 -0.36391866 10.00058079
4.70699978 0.17956513 -0.37349546 9.96945572
4.71400023 0.16280572 -0.36870706 9.95509052
4.71999979 0.18435353 -0.36631286 9.95509052
4.72700024 0.17717093 -0.34237084 9.97185040
4.73400021 0.16998832 -0.37349546 9.96227360
4.73999977 0.18195933 -0.36870706 9.99818611
4.74700022 0.18435353 -0.35194764 9.99100399
4.75400019 0.19393034 -0.35673606 9.99818611
4.76000023 0.16759412 -0.36152446 9.98621559
4.76700020 0.19632454 -0.35913026 9.97185040
4.77400017 0.19153613 -0.36152446 10.01494598
4.78000021 0.18674773 -0.37828386 9.97903252
4.78700018 0.16519992 -0.36631286 10.00297451
4.79400015 0.17238252 -0.36391866 10.00536919
4.80100012 0.19153613 -0.35913026 9.96706200
4.80700016 0.15562311 -0.35434186 9.96227360
4.81400013 0.18195933 -0.33997664 9.99100399
4.82100010 0.20350714 -0.38067806 9.97663879
4.82700014 0.18674773 -0.35194764 9.96706200
4.83400011 0.19632454 -0.34955344 9.98860931
4.84000015 0.19632454 -0.36870706 10.01733971
4.84700012 0.18674773 -0.36391866 10.01494598
4.85400009 0.19153613 -0.36631286 10.01733971
4.86100006 0.16519992 -0.36391866 9.98860931
4.86700010 0.18435353 -0.37588966 9.99100399
4.87400007 0.18674773 -0.36391866 10.00058079
4.88100004 0.18435353 -0.37588966 9.96466732
4.88800001 0.17477672 -0.35673606 9.99100399
4.89400005 0.15322891 -0.38786069 10.01015759
4.90100002 0.15562311 -0.36391866 9.95509052
4.90799999 0.18195933 -0.36631286 9.95269680
4.91400003 0.20111294 -0.35913026 9.97663879
4.92100000 0.16519992 -0.35194764 10.00536919
4.92799997 0.18674773 -0.33279404 10.00297451
4.93499994 0.16280572 -0.35434186 9.98621559
4.94099998 0.18435353 -0.34955344 9.98142719
4.94799995 0.22026655 -0.37828386 10.01733971
4.95499992 0.20829555 -0.37828386 10.01494598
4.96099997 0.15083471 -0.34476504 10.05085850
4.96799994 0.20590134 -0.36152446 9.98860931
4.97499990 0.22505496 -0.34476504 9.96227360
4.98199987 0.19632454 -0.35913026 9.98860931
4.98799992 0.17477672 -0.36870706 10.05085850
4.99499989 0.15801731 -0.35434186 9.97663879
5.00199986 0.18195933 -0.37110126 9.96466732
5.00799990 0.17717093 -0.36391866 9.99100399
5.01499987 0.14844051 -0.37588966 10.02931118
5.02199984 0.16759412 -0.34476504 9.97903252
5.02799988 0.18195933 -0.37110126 9.97185040
5.03499985 0.19153613 -0.38786069 10.01015759
5.04199982 0.19632454 -0.35194764 9.99579239
5.04799986 0.17477672 -0.36152446 9.94790840
5.05499983 0.14604631 -0.35673606 10.01255131
5.06199980 0.15083471 -0.35434186 10.02931118
5.06899977 0.17717093 -0.37110126 9.98382092
5.07499981 0.19632454 -0.35434186 9.98860931
5.08199978 0.16998832 -0.32800564 10.00536919
5.08900023 0.16998832 -0.32082301 10.01973438
5.09600019 0.18914193 -0.36391866 10.01733971
5.10200024 0.17238252 -0.36152446 9.97903252
5.10900021 0.19871874 -0.35913026 9.96227360
5.11600018 0.19871874 -0.35194764 9.97903252
5.12200022 0.21547815 -0.35913026 10.00536919
5.12900019 0.19632454 -0.34955344 9.99818611
5.13600016 0.16519992 -0.35913026 9.97663879
5.14200020 0.19153613 -0.36631286 9.95509052
5.14900017 0.19153613 -0.36152446 10.07001209
5.15600014 0.18914193 -0.36152446 9.95987892
5.16200018 0.17717093 -0.36631286 9.94072533
5.16900015 0.14604631 -0.38067806 9.93593693
5.17600012 0.17717093 -0.37588966 9.96706200
5.18200016 0.18435353 -0.37110126 9.96945572
5.18900013 0.16041151 -0.37588966 10.02212811
5.19600010 0.19632454 -0.36631286 10.00058079
5.20300007 0.18674773 -0.37349546 9.99579239
5.20900011 0.17956513 -0.35434186 10.01255131
5.21600008 0.17238252 -0.36152446 9.96227360
5.22300005 0.18914193 -0.36870706 9.94790840
5.22900009 0.18674773 -0.39504328 9.98142719
5.23600006 0.18914193 -0.36152446 10.01015759
5.24300003 0.18195933 -0.35194764 9.98142719
5.24900007 0.18674773 -0.33758244 9.99339771
5.25600004 0.18914193 -0.33997664 9.98621559
5.26300001 0.16519992 -0.33997664 9.97185040
5.26900005 0.16041151 -0.35913026 9.99100399
5.27600002 0.15801731 -0.34237084 9.99100399
5.28299999 0.17956513 -0.36631286 9.96227360
5.28900003 0.18914193 -0.36391866 9.96227360
5.29600000 0.19393034 -0.35434186 9.96706200
5.30299997 0.18435353 -0.34476504 10.01733971
5.30900002 0.17956513 -0.37828386 9.96227360
5.31599998 0.14604631 -0.34715924 9.98621559
5.32299995 0.15801731 -0.36631286 9.99100399
5.32900000 0.19393034 -0.34715924 10.02452278
5.33599997 0.20590134 -0.34715924 10.00776291
5.34299994 0.17717093 -0.33518824 9.98142719
5.34899998 0.17477672 -0.34237084 10.00058079
5.35599995 0.18914193 -0.35434186 10.01015759
5.36299992 0.18195933 -0.36152446 9.95748520
5.36999989 0.16998832 -0.36391866 9.97185040
5.37599993 0.17717093 -0.35913026 9.96466732
5.38299990 0.16280572 -0.37110126 9.97663879
5.38999987 0.16519992 -0.36870706 9.99579239
5.39599991 0.20111294 -0.37828386 9.97185040
5.40299988 0.16280572 -0.37588966 9.96466732
5.40999985 0.17238252 -0.37828386 9.99339771
5.41599989 0.19153613 -0.35913026 9.99339771
5.42299986 0.19153613 -0.35434186 9.98142719
5.42999983 0.18435353 -0.36631286 10.03409958
5.43599987 0.18195933 -0.35913026 9.96945572
5.44299984 0.19153613 -0.37349546 9.97663879
5.44999981 0.16280572 -0.35673606 9.99579239
5.45599985 0.16998832 -0.36152446 9.98860931
5.46299982 0.18195933 -0.40222588 10.03170490
5.46999979 0.17717093 -0.36152446 9.98142719
5.47599983 0.17238252 -0.33279404 9.97663879
5.48299980 0.19871874 -0.36391866 9.97903252
5.48999977 0.16759412 -0.35673606 9.98142719
5.49599981 0.18674773 -0.36631286 9.97185040
5.50299978 0.20590134 -0.36631286 9.97903252
5.51000023 0.17238252 -0.39264908 10.03170490
5.51700020 0.20350714 -0.37349546 9.97663879
5.52299976 0.19393034 -0.35913026 9.95748520
5.53000021 0.20829555 -0.34715924 9.96466732
5.53700018 0.18435353 -0.36152446 9.98142719
5.54300022 0.19871874 -0.37588966 10.00776291
5.55000019 0.18914193 -0.36870706 9.96945572
5.55700016 0.18435353 -0.38786069 9.93593693
5.56300020 0.18674773 -0.33518824 10.00297451
5.57000017 0.17956513 -0.37828386 10.00536919
5.57700014 0.16519992 -0.36152446 10.01255131
5.58400011 0.18674773 -0.34476504 9.98860931
5.59000015 0.16519992 -0.34715924 9.97424412
5.59700012 0.16519992 -0.34237084 9.94551373
5.60400009 0.18435353 -0.35673606 9.97903252
5.61000013 0.18674773 -0.38307226 9.98142719
5.61700010 0.18914193 -0.35913026 9.97185040
5.62300014 0.16519992 -0.38546649 9.97424412
5.63000011 0.16041151 -0.36391866 10.02931118
5.63700008 0.17717093 -0.34715924 9.99339771
5.64400005 0.17717093 -0.35913026 10.06522369
5.65000010 0.17717093 -0.37110126 10.02212811
5.65700006 0.17477672 -0.36631286 10.00297451
5.66400003 0.17477672 -0.35913026 9.94551373
5.67000008 0.18435353 -0.35194764 9.92157173
5.67700005 0.18435353 -0.36391866 9.95987892
5.68400002 0.17477672 -0.35673606 9.95987892
5.69000006 0.19153613 -0.36631286 9.98621559
5.69700003 0.18674773 -0.37110126 10.00297451
5.70400000 0.16998832 -0.35194764 9.97663879
5.71099997 0.18195933 -0.35913026 10.01255131
5.71700001 0.19632454 -0.36870706 9.96227360
5.72399998 0.16759412 -0.34955344 9.98382092
5.73099995 0.16519992 -0.35673606 9.98382092
5.73699999 0.15801731 -0.37110126 10.01733971
5.74399996 0.19632454 -0.35194764 9.96466732
5.75099993 0.17717093 -0.37828386 9.97903252
5.75699997 0.18914193 -0.36631286 10.01015759
5.76399994 0.16998832 -0.37349546 9.95987892
5.77099991 0.18914193 -0.33279404 9.97424412
5.77799988 0.16998832 -0.35673606 9.96227360
5.78399992 0.18674773 -0.34955344 9.95030212
5.79099989 0.17956513 -0.36870706 9.94072533
5.79699993 0.17717093 -0.35673606 9.98142719
5.80399990 0.16519992 -0.39025488 9.94551373
5.81099987 0.19393034 -0.34237084 9.96945572
5.81699991 0.18914193 -0.34476504 9.95509052
5.82399988 0.16280572 -0.34955344 9.96466732
5.83099985 0.17238252 -0.34237084 9.97185040
5.83699989 0.18195933 -0.37828386 10.00776291
5.84399986 0.16041151 -0.35913026 9.99100399
5.85099983 0.17956513 -0.34955344 10.00536919
5.85799980 0.19393034 -0.35434186 9.97663879
5.86399984 0.17956513 -0.34476504 9.94312000
5.87099981 0.16998832 -0.36152446 9.94312000
5.87799978 0.15083471 -0.38067806 9.98860931
5.88399982 0.18914193 -0.36391866 9.94790840
5.89099979 0.18435353 -0.36870706 9.99579239
5.89799976 0.19393034 -0.36152446 9.97663879
5.90399981 0.20829555 -0.36152446 10.00297451
5.91099977 0.18195933 -0.34715924 9.96227360
5.91800022 0.17477672 -0.37110126 9.95030212
5.92399979 0.17477672 -0.37828386 10.01015759
5.93100023 0.18674773 -0.33997664 9.99100399
5.93800020 0.18435353 -0.35434186 9.95269680
5.94399977 0.17717093 -0.36631286 9.97424412
5.95100021 0.16519992 -0.35194764 9.94790840
5.95800018 0.19153613 -0.35434186 9.97903252
5.96400023 0.19393034 -0.34955344 9.98621559
5.97100019 0.17477672 -0.37828386 9.95509052
5.97800016 0.19871874 -0.37110126 9.97424412
5.98400021 0.18435353 -0.33039984 10.00776291
5.99100018 0.18674773 -0.34237084 9.99339771
5.99800014 0.16280572 -0.35434186 9.97903252
6.00400019 0.17717093 -0.36391866 9.95509052
6.01100016 0.14604631 -0.36152446 9.99818611
6.01800013 0.16998832 -0.36631286 9.99339771
6.02400017 0.17238252 -0.37588966 9.96945572
6.03100014 0.20111294 -0.36631286 9.92636013
6.03800011 0.18914193 -0.39025488 9.98382092
6.04400015 0.20590134 -0.36152446 10.00536919
6.05100012 0.17477672 -0.37110126 9.96706200
6.05800009 0.16759412 -0.37828386 9.95987892
6.06400013 0.18435353 -0.37828386 9.97185040
6.07100010 0.18435353 -0.36870706 10.01494598
6.07800007 0.16280572 -0.37110126 9.98382092
6.08500004 0.19153613 -0.34715924 9.96227360
6.09100008 0.18674773 -0.36631286 9.96945572
6.09800005 0.19153613 -0.34955344 9.97663879
6.10400009 0.18435353 -0.35913026 9.97185040
6.11100006 0.19871874 -0.36870706 9.95987892
6.11800003 0.19153613 -0.35673606 9.97185040
6.12400007 0.19153613 -0.35673606 9.99339771
6.13100004 0.16519992 -0.37110126 9.96706200
6.13800001 0.17717093 -0.37349546 9.98142719
6.14400005 0.19871874 -0.35673606 10.02212811
6.15100002 0.18914193 -0.38067806 9.98142719
6.15799999 0.17477672 -0.35913026 9.99100399
6.16400003 0.21068975 -0.35913026 9.98142719
6.17100000 0.18435353 -0.38067806 9.97663879
6.17799997 0.17717093 -0.36152446 9.94312000
6.18400002 0.18435353 -0.36631286 9.93114853
6.19099998 0.20350714 -0.37349546 9.98142719
6.19799995 0.19393034 -0.38067806 9.97185040
6.20400000 0.15322891 -0.36391866 9.99579239
6.21099997 0.18914193 -0.38546649 9.99579239
6.21799994 0.21547815 -0.37110126 10.00297451
6.22399998 0.19632454 -0.35194764 10.01733971
6.23099995 0.20829555 -0.34955344 9.99818611
6.23799992 0.19871874 -0.32561144 9.99339771
6.24499989 0.17956513 -0.36391866 9.98621559
6.25099993 0.17717093 -0.37110126 10.01255131
6.25799990 0.16519992 -0.37110126 9.99579239
6.26499987 0.20350714 -0.36870706 9.96945572
6.27099991 0.20111294 -0.35194764 10.00297451
6.27799988 0.17238252 -0.35434186 10.03409958
6.28499985 0.18914193 -0.33518824 10.01015759
6.29199982 0.18914193 -0.36870706 10.00536919
6.29899979 0.20350714 -0.36391866 9.99818611
6.30499983 0.18914193 -0.37110126 9.98382092
6.31199980 0.16759412 -0.38307226 9.99579239
6.31799984 0.13646950 -0.36391866 9.98621559
6.32499981 0.17956513 -0.37110126 9.94551373
6.33199978 0.16759412 -0.38546649 9.98142719
6.33799982 0.16519992 -0.38307226 9.98621559
6.34499979 0.18195933 -0.39983168 10.00058079
6.35200024 0.18914193 -0.37828386 9.98860931
6.35900021 0.19871874 -0.34955344 9.98621559
6.36499977 0.16280572 -0.36152446 10.00297451
6.37200022 0.20590134 -0.36391866 9.95030212
6.37900019 0.17717093 -0.37588966 9.99339771
6.38500023 0.18674773 -0.38786069 10.01973438
6.39200020 0.20111294 -0.36631286 10.04846478
6.39900017 0.20111294 -0.33279404 9.97903252
6.40600014 0.19153613 -0.35434186 9.94790840
6.41200018 0.17238252 -0.34237084 9.99818611
6.41900015 0.18195933 -0.36152446 9.99579239
6.42500019 0.16759412 -0.36391866 9.98860931
6.43200016 0.16280572 -0.36870706 10.01494598
6.43900013 0.17717093 -0.35434186 10.01733971
6.44600010 0.18914193 -0.36152446 9.95269680
6.45200014 0.18195933 -0.35913026 9.96227360
6.45900011 0.18195933 -0.35194764 9.95748520
6.46600008 0.16998832 -0.36870706 10.03888798
6.47200012 0.19153613 -0.37110126 9.96466732
6.47900009 0.17238252 -0.36631286 9.98382092
6.48600006 0.17717093 -0.32561144 9.95030212
6.49200010 0.19632454 -0.36152446 9.95987892
6.49900007 0.18674773 -0.34955344 9.95987892
6.50600004 0.19871874 -0.36870706 9.97903252
6.51200008 0.20111294 -0.36870706 9.97424412
6.51900005 0.18195933 -0.37349546 9.98382092
6.52600002 0.19153613 -0.34237084 9.99100399
6.53200006 0.16280572 -0.37110126 9.95748520
6.53900003 0.18195933 -0.37349546 9.97663879
6.54600000 0.19393034 -0.37349546 9.93354321
6.55200005 0.16519992 -0.35434186 9.97185040
6.55900002 0.16280572 -0.34955344 9.99339771
6.56599998 0.19632454 -0.36152446 9.97903252
6.57200003 0.18195933 -0.37110126 10.01973438
6.57900000 0.19153613 -0.36391866 9.95269680
6.58599997 0.16998832 -0.33518824 10.01015759
6.59200001 0.16998832 -0.36631286 10.00297451
6.59899998 0.15322891 -0.35673606 10.00297451
6.60599995 0.16041151 -0.37828386 9.99339771
6.61299992 0.18914193 -0.37588966 9.97424412
6.61899996 0.17477672 -0.34955344 9.95748520
6.62599993 0.16759412 -0.35194764 9.99100399
6.63299990 0.20829555 -0.37349546 9.97903252
6.63899994 0.19393034 -0.37588966 9.98621559
6.64599991 0.18914193 -0.35194764 9.98142719
6.65299988 0.15801731 -0.36391866 10.01255131
6.65899992 0.16041151 -0.34237084 10.04367638
6.66599989 0.18435353 -0.37588966 9.97663879
6.67299986 0.18195933 -0.37349546 9.95748520
6.67899990 0.15801731 -0.36391866 9.96466732
6.68599987 0.17238252 -0.35913026 9.94312000
6.69299984 0.18674773 -0.36631286 9.98621559
6.69899988 0.19153613 -0.36152446 9.95748520
6.70599985 0.17477672 -0.35913026 9.98860931
6.71299982 0.16759412 -0.35913026 9.96227360
6.71899986 0.17717093 -0.36631286 9.97185040
6.72599983 0.17238252 -0.37110126 9.99100399
6.73299980 0.16041151 -0.37110126 10.00776291
6.73899984 0.18674773 -0.37828386 9.99579239
6.74599981 0.17238252 -0.35194764 9.98142719
6.75299978 0.16998832 -0.36631286 9.97185040
6.75899982 0.18195933 -0.35913026 10.03409958
6.76599979 0.17477672 -0.34237084 9.98860931
6.77299976 0.19153613 -0.32800564 9.99339771
6.77899981 0.16759412 -0.35434186 9.96706200
6.78599977 0.18914193 -0.33039984 10.00058079
6.79300022 0.16519992 -0.36152446 10.02212811
6.80000019 0.16519992 -0.37349546 9.98142719
6.80600023 0.18914193 -0.37349546 9.94790840
6.81300020 0.19632454 -0.36870706 10.00297451
6.82000017 0.19632454 -0.35434186 10.02691650
6.82600021 0.19871874 -0.36391866 10.02691650
6.83300018 0.22984336 -0.34476504 9.99579239
6.84000015 0.18914193 -0.33997664 9.99100399
6.84700012 0.15801731 -0.35673606 9.96466732
6.85300016 0.18435353 -0.37828386 9.95030212
6.86000013 0.19632454 -0.37110126 9.97424412
6.86600018 0.17238252 -0.37110126 10.01015759
6.87300014 0.19393034 -0.36391866 9.97903252
6.88000011 0.16998832 -0.36631286 9.97663879
6.88700008 0.16280572 -0.37828386 9.95269680
6.89300013 0.17956513 -0.36870706 9.99100399
6.90000010 0.18914193 -0.36391866 9.98621559
6.90600014 0.19153613 -0.36391866 9.99579239
6.91300011 0.16759412 -0.38067806 10.01255131
6.92000008 0.16759412 -0.36870706 9.97903252
6.92700005 0.15322891 -0.37588966 9.98860931
6.93300009 0.16519992 -0.36631286 10.01015759
6.94000006 0.16759412 -0.34237084 10.02452278
6.94700003 0.16280572 -0.34715924 9.95030212
6.95300007 0.17956513 -0.36391866 9.95269680
6.96000004 0.15801731 -0.36631286 9.98382092
6.96700001 0.17477672 -0.36870706 9.98382092
6.97300005 0.21547815 -0.36152446 10.00297451
6.98000002 0.17717093 -0.37588966 9.99100399
6.98699999 0.17238252 -0.37110126 10.01255131
6.99399996 0.18435353 -0.37588966 9.98621559
7.00000000 0.16519992 -0.34715924 10.00058079
7.00699997 0.18195933 -0.33279404 9.97424412
7.01399994 0.18195933 -0.37828386 9.98860931
7.01999998 0.18674773 -0.36870706 9.99579239
7.02699995 0.16041151 -0.32800564 9.96227360
7.03399992 0.17477672 -0.37828386 9.98621559
7.03999996 0.19153613 -0.37828386 10.00536919
7.04699993 0.18435353 -0.36391866 9.96706200
7.05399990 0.19393034 -0.37110126 9.97903252
7.05999994 0.16519992 -0.35194764 9.97663879
7.06699991 0.17238252 -0.35913026 9.95748520
7.07399988 0.19153613 -0.36870706 9.98382092
7.07999992 0.18195933 -0.35913026 9.97424412
7.08699989 0.17956513 -0.33758244 10.01733971
7.09399986 0.16759412 -0.37828386 9.99100399
7.09999990 0.17238252 -0.39025488 9.95509052
7.10699987 0.18435353 -0.34955344 9.96466732
7.11399984 0.17477672 -0.34715924 9.98382092
7.11999989 0.17238252 -0.33518824 9.96945572
7.12699986 0.18674773 -0.36870706 10.00536919
7.13399982 0.17477672 -0.36631286 9.97903252
7.14099979 0.16759412 -0.33518824 9.97185040
7.14699984 0.18674773 -0.35673606 9.93354321
7.15399981 0.19871874 -0.35673606 9.97185040
7.15999985 0.18674773 -0.35434186 9.99818611
7.16699982 0.17956513 -0.37828386 9.96227360
7.17399979 0.16519992 -0.35194764 9.98142719
7.17999983 0.16280572 -0.36391866 9.95509052
7.18699980 0.16998832 -0.36152446 9.97663879
7.19399977 0.19153613 -0.36870706 10.01733971
7.20100021 0.18435353 -0.37828386 10.01015759
7.20699978 0.18914193 -0.37588966 10.02452278
7.21400023 0.20350714 -0.37588966 10.00536919
7.22100019 0.18195933 -0.34955344 10.01015759
7.22800016 0.17717093 -0.37588966 10.02691650
7.23400021 0.21068975 -0.37828386 9.98142719
7.24100018 0.20111294 -0.36870706 9.97663879
7.24800014 0.18435353 -0.36631286 9.99579239
7.25400019 0.16280572 -0.37588966 9.95987892
7.26100016 0.16519992 -0.34237084 9.96466732
7.26800013 0.16759412 -0.35194764 9.97663879
7.27400017 0.18914193 -0.36631286 9.99818611
7.28100014 0.20111294 -0.35194764 9.98860931
7.28800011 0.16519992 -0.36391866 10.03170490
7.29400015 0.18674773 -0.35434186 9.98621559
7.30100012 0.17477672 -0.37110126 9.99339771
7.30800009 0.18674773 -0.37588966 9.99100399
7.31400013 0.19871874 -0.36870706 9.99579239
7.32100010 0.17477672 -0.38307226 9.95269680
7.32800007 0.18435353 -0.37828386 9.95987892
7.33400011 0.18195933 -0.35913026 10.00058079
7.34100008 0.16280572 -0.37588966 10.00297451
7.34800005 0.18435353 -0.37588966 9.97424412
7.35500002 0.19393034 -0.37588966 9.98142719
7.36100006 0.18674773 -0.36391866 9.99339771
7.36800003 0.18195933 -0.37588966 9.99100399
7.37500000 0.17717093 -0.33518824 9.99818611
7.38100004 0.19871874 -0.35434186 9.95509052
7.38800001 0.16041151 -0.34715924 9.97185040
7.39400005 0.15801731 -0.38067806 10.01255131
7.40100002 0.18435353 -0.37588966 9.95030212
7.40799999 0.17956513 -0.37110126 10.01494598
7.41499996 0.18674773 -0.37588966 9.95748520
7.42100000 0.19153613 -0.35673606 9.98860931
7.42799997 0.18674773 -0.34715924 10.01015759
7.43499994 0.15322891 -0.36870706 9.98621559
7.44099998 0.17717093 -0.38067806 9.97903252
7.44799995 0.16041151 -0.37110126 10.00536919
7.45499992 0.18435353 -0.35673606 9.97424412
7.46199989 0.19632454 -0.37110126 9.97903252
7.46799994 0.18195933 -0.36391866 9.96227360
7.47499990 0.19632454 -0.36631286 9.99339771
7.48199987 0.17717093 -0.37110126 9.95269680
7.48799992 0.16759412 -0.35913026 9.98860931
7.49499989 0.14844051 -0.36152446 9.99579239
7.50199986 0.20111294 -0.35913026 9.99339771
7.50799990 0.16041151 -0.34715924 9.98621559
7.51499987 0.15801731 -0.37110126 9.99100399
7.52099991 0.17477672 -0.35673606 9.97185040
7.52799988 0.19632454 -0.38067806 9.98382092
7.53499985 0.17477672 -0.33997664 9.97903252
7.54099989 0.17238252 -0.35913026 9.95748520
7.54799986 0.19393034 -0.36631286 9.95030212
7.55499983 0.19632454 -0.36391866 10.01733971
7.56199980 0.19632454 -0.35434186 9.97185040
7.56799984 0.16280572 -0.38067806 9.95509052
7.57499981 0.18914193 -0.37349546 9.98621559
7.58199978 0.16041151 -0.36631286 10.02931118
7.58799982 0.17956513 -0.33997664 9.97663879
7.59499979 0.17477672 -0.37588966 9.99100399
7.60200024 0.15801731 -0.36391866 9.96945572
7.60799980 0.17477672 -0.36870706 9.98142719
7.61499977 0.17717093 -0.37349546 9.99100399
7.62200022 0.16519992 -0.35673606 10.00297451
7.62799978 0.15322891 -0.37588966 9.96945572
7.63500023 0.19393034 -0.33518824 9.98142719
7.64200020 0.18435353 -0.38067806 10.00297451
7.64900017 0.17956513 -0.37349546 9.98382092
7.65500021 0.19632454 -0.38307226 9.97185040
7.66200018 0.18914193 -0.38307226 9.99339771
7.66900015 0.16998832 -0.34476504 9.98382092
7.67500019 0.18674773 -0.37349546 10.00297451
7.68200016 0.19153613 -0.39025488 10.01494598
7.68900013 0.16280572 -0.36870706 9.98382092
7.69500017 0.16041151 -0.36391866 9.98382092
7.70200014 0.19632454 -0.34237084 9.99339771
7.70900011 0.18674773 -0.36152446 9.99100399
7.71500015 0.17956513 -0.39025488 9.99579239
7.72200012 0.19153613 -0.37349546 10.02212811
7.72900009 0.17238252 -0.36631286 9.96466732
7.73500013 0.18674773 -0.38786069 9.95987892
7.74200010 0.17477672 -0.36391866 9.96706200
7.74900007 0.18674773 -0.36631286 9.98860931
7.75500011 0.17956513 -0.32800564 9.95509052
7.76200008 0.17956513 -0.34715924 9.98142719
7.76900005 0.20590134 -0.38307226 10.01973438
7.77600002 0.20590134 -0.35673606 9.99818611
7.78200006 0.16998832 -0.36391866 9.96466732
7.78900003 0.17956513 -0.38786069 9.98142719