3.86999989 0.22744916 -0.23702596 9.96945572
3.87700009 0.22266077 -0.21787235 9.99818611
3.88299990 0.23942018 -0.20590134 9.93593693
3.89000010 0.22026655 -0.21308395 9.96227360
3.89700007 0.22984336 -0.22744916 9.90960121
3.90300012 0.23702596 -0.21308395 9.89523602
3.91000009 0.23463176 -0.19632454 9.94072533
3.91700006 0.22744916 -0.20350714 9.93354321
3.92300010 0.23942018 -0.21787235 9.92875481
3.93000007 0.24181437 -0.24420857 9.95030212
3.93700004 0.21308395 -0.22505496 9.93114853
3.94300008 0.21308395 -0.22026655 9.94312000
3.95000005 0.21068975 -0.22984336 9.95269680
3.95600009 0.24660277 -0.22266077 9.92875481
3.96300006 0.23463176 -0.20590134 9.95748520
3.97000003 0.20590134 -0.19153613 9.95748520
3.97600007 0.22266077 -0.23223756 9.94072533
3.98300004 0.23702596 -0.22984336 9.89284134
3.99000001 0.23223756 -0.22026655 9.91917801
3.99600005 0.21068975 -0.23223756 9.98621559
4.00299978 0.22026655 -0.22505496 9.93354321
4.01000023 0.20350714 -0.22984336 9.93833160
4.01599979 0.20590134 -0.24660277 9.91438961
4.02299976 0.25617957 -0.21547815 9.92396641
4.03000021 0.22026655 -0.23223756 9.96466732
4.03599977 0.17477672 -0.25857377 9.98621559
4.04300022 0.20590134 -0.21787235 9.90481281
4.05000019 0.22266077 -0.20829555 9.93354321
4.05600023 0.22744916 -0.17956513 9.94072533
4.06300020 0.18195933 -0.20111294 9.91199493
4.06899977 0.19632454 -0.17238252 9.93354321
4.07600021 0.18674773 -0.22744916 9.93833160
4.08300018 0.20829555 -0.21787235 9.96706200
4.08900023 0.12689269 -0.23942018 9.86411095
4.09600019 0.28969839 -0.19632454 9.97663879
4.10300016 0.21308395 -0.21308395 9.93593693
4.10900021 0.26815060 -0.21547815 10.05085850
4.11600018 0.15083471 -0.24660277 9.94312000
4.12300014 0.22026655 -0.19632454 9.95509052
4.12900019 0.18674773 -0.23463176 9.95269680
4.13600016 0.27293900 -0.22026655 9.98382092
4.14300013 0.28730419 -0.13407530 9.96466732
4.14900017 0.22505496 -0.16759412 9.93114853
4.15600014 0.22744916 -0.21787235 9.93354321
4.16300011 0.14844051 -0.24420857 9.92157173
4.16900015 0.21787235 -0.22266077 9.98860931
4.17600012 0.20829555 -0.21068975 9.87608242
4.18300009 0.30166942 -0.13168110 9.93593693
4.18900013 0.25378537 -0.21787235 9.96945572
4.19600010 0.18914193 -0.24899697 9.95269680
4.20200014 0.12210429 -0.27293900 9.95748520
4.20900011 0.23223756 -0.22505496 9.94312000
4.21600008 0.18195933 -0.20590134 9.88805294
4.22200012 0.16519992 -0.21308395 9.89523602
4.22900009 0.23702596 -0.22266077 9.99339771
4.23600006 0.18674773 -0.24899697 9.96466732
4.24200010 0.22744916 -0.22026655 9.96227360
4.24900007 0.20350714 -0.21787235 9.96945572
4.25600004 0.17238252 -0.24420857 9.95748520
4.26200008 0.20590134 -0.23223756 9.96466732
4.26900005 0.24660277 -0.17717093 9.93593693
4.27500010 0.19153613 -0.25139117 9.96466732
4.28200006 0.28251579 -0.11492168 9.93354321
4.28900003 0.17717093 -0.27772740 9.97185040
4.29500008 0.23463176 -0.24420857 9.98382092
4.30200005 0.07661445 -0.22505496 9.86411095
4.30900002 0.28490999 -0.20590134 10.02691650
4.31500006 0.12689269 -0.28969839 9.90002441
4.32200003 0.22266077 -0.19871874 9.93114853
4.32900000 0.25857377 -0.21787235 9.95269680
4.33500004 0.22744916 -0.23463176 9.90720654
4.34200001 0.12449849 -0.28012159 9.91438961
4.34899998 0.30885202 -0.24420857 10.00776291
4.35500002 0.20111294 -0.17717093 9.83777523
4.36199999 0.29209262 -0.21308395 10.02931118
4.36899996 0.15562311 -0.23942018 9.93593693
4.37500000 0.25139117 -0.27772740 10.05325317
4.38199997 0.15083471 -0.22266077 9.89044762
4.38899994 0.30885202 -0.11252748 9.97663879
4.39599991 0.25617957 -0.24899697 9.92396641
4.40199995 0.25139117 -0.26815060 10.08198357
4.40899992 0.08379706 -0.23463176 9.77313137
4.41599989 0.25139117 -0.26575640 10.04607010
4.42199993 0.23223756 -0.09816227 9.89762974
4.42899990 0.29448682 -0.12689269 9.99100399
4.43599987 0.16998832 -0.22266077 9.92875481
4.44199991 0.12689269 -0.26575640 9.95269680
4.44899988 0.29927522 -0.21787235 9.96227360
4.45599985 0.15801731 -0.20111294 9.86889935
4.46199989 0.22505496 -0.22744916 9.98382092
4.46899986 0.20829555 -0.18195933 9.91917801
4.47599983 0.28730419 -0.17238252 10.06043530
4.48199987 0.23942018 -0.20350714 9.85453415
4.48899984 0.21068975 -0.22744916 10.03888798
4.49599981 0.19153613 -0.21308395 9.81622696
4.50199986 0.28251579 -0.19632454 10.03888798
4.50899982 0.20590134 -0.23702596 9.94312000
4.51599979 0.20350714 -0.21068975 9.98382092
4.52299976 0.19153613 -0.20590134 9.84974575
4.52899981 0.21787235 -0.31603462 10.09156036
4.53599977 0.22744916 -0.18195933 9.81862164
4.54300022 0.16998832 -0.26575640 9.92875481
4.54899979 0.20829555 -0.23702596 9.92875481
4.55600023 0.21547815 -0.26096800 10.01255131
4.56300020 0.17477672 -0.21787235 9.85932255
4.56899977 0.14604631 -0.28251579 9.92636013
4.57600021 0.30885202 -0.14365210 9.88805294
4.58300018 0.20350714 -0.26575640 9.99579239
4.58900023 0.13886370 -0.30406362 9.92636013
4.59600019 0.31364042 -0.16519992 9.99339771
4.60300016 0.18195933 -0.11731588 9.78510189
4.60900021 0.15801731 -0.31842881 10.03409958
4.61600018 0.23942018 -0.10773908 9.80665016
4.62300014 0.32321724 -0.14125790 10.12747288
4.62900019 0.08619126 -0.29448682 9.90002441
4.63600016 0.28251579 -0.19871874 10.01255131
4.64300013 0.23702596 -0.13407530 9.87608242
4.64900017 0.21308395 -0.30645782 10.00536919
4.65600014 0.12689269 -0.23223756 9.92396641
4.66300011 0.26575640 -0.18674773 10.06282997
4.67000008 0.32082301 -0.18195933 9.99579239
4.67600012 0.07422026 -0.23942018 9.88565922
4.68300009 0.18914193 -0.24660277 9.91678333
4.69000006 0.28251579 -0.16759412 9.93593693
4.69600010 0.11013328 -0.26815060 9.95269680
4.70300007 0.29927522 -0.23223756 10.10353088
4.71000004 0.21308395 -0.15083471 9.97185040
4.71600008 0.22266077 -0.21547815 9.87368774
4.72300005 0.24899697 -0.25139117 10.03888798
4.73000002 0.17956513 -0.15801731 9.73003578
4.73600006 0.09337386 -0.29209262 10.01255131
4.74300003 0.38786069 -0.22744916 10.10592556
4.75000000 0.10055647 -0.19393034 9.86889935
4.75699997 0.39743748 -0.33279404 9.97663879
4.76300001 0.32321724 -0.21068975 9.96227360
4.76999998 0.03351882 -0.13646950 9.63187313
4.77600002 0.43335050 -0.38307226 10.19451046
4.78299999 0.14365210 -0.14844051 9.94312000
4.78999996 0.02154781 -0.30166942 9.80904484
4.79600000 0.56024319 -0.26096800 10.13465595
4.80299997 0.21308395 -0.21308395 9.95987892
4.80999994 0.23223756 -0.25857377 9.80665016
4.81699991 0.17956513 -0.24420857 10.04846478
4.82299995 0.17477672 -0.23463176 9.92875481
4.82999992 0.23223756 -0.23942018 9.79228497
4.83699989 0.17717093 -0.11731588 10.09156036
4.84299994 0.26815060 -0.31603462 10.11310768
4.84999990 0.22505496 -0.15801731 9.67496872
4.85699987 0.11971009 -0.10534488 10.07001209
4.86399984 0.61530983 -0.37349546 10.21366405
4.86999989 -0.11731588 -0.18435353 9.52892303
4.87699986 0.00000000 -0.08140286 10.04367638
4.88399982 0.64882869 -0.48602295 10.43393135
4.88999987 -0.39504328 -0.05985504 9.29668522
4.89699984 -0.10773908 0.01675941 9.90241814
4.90399981 0.71347213 -0.53151280 10.48660374
4.90999985 -0.19632454 -0.33518824 9.52413464
4.91699982 0.31124622 -0.25378537 10.15380955
4.92399979 0.28012159 -0.30885202 10.33816338
4.93100023 0.13407530 -0.17717093 9.33499241
4.93699980 0.70868373 -0.25378537 10.33337498
4.94399977 -0.10773908 -0.29688102 9.69172859
4.95100021 0.25617957 -0.20350714 10.04367638
4.95800018 0.16998832 -0.15801731 9.88805294
4.96400023 0.42856210 -0.33279404 10.16099167
4.97100019 0.18435353 -0.05746084 9.67018032
4.97800016 0.34955344 -0.26336220 10.09634876
4.98500013 -0.01915361 -0.19632454 9.91199493
4.99100018 0.27772740 -0.13646950 9.98621559
4.99800014 0.54827219 -0.27054480 10.09156036
5.00500011 -0.01915361 -0.09816227 9.68454552
5.01100016 0.67755908 -0.35913026 10.13226128
5.01800013 -0.09337386 -0.24899697 9.81862164
5.02500010 0.41419691 -0.28251579 10.09156036
5.03200006 0.13646950 -0.13168110 9.74918938
5.03800011 -0.06464344 -0.14365210 10.09395409
5.04500008 0.24660277 -0.26336220 9.79707336
5.05200005 -0.05267244 0.00239420 9.67257500
5.05800009 0.79248077 -0.67755908 10.21127033
5.06500006 -0.08379706 0.08858547 9.73003578
5.07200003 -0.31364042 -0.00718261 9.59835434
5.07800007 0.88585460 -0.62249243 10.38125896
5.08500004 -0.17238252 0.22505496 9.37569427
5.09200001 0.01675941 -0.11013328 9.81143856
5.09800005 0.78050977 -0.50757074 10.45069027
5.10500002 -0.16041151 -0.23702596 9.45470238
5.11199999 0.18914193 -0.37588966 10.27830791
5.11899996 0.35194764 -0.15562311 10.10592556
5.12500000 0.24420857 -0.26336220 9.81143856
5.13199997 0.55784899 -0.26815060 10.47942066
5.13899994 -0.08619126 -0.14125790 9.51695156
5.14599991 -0.17477672 0.12210429 9.74679470
5.15199995 0.99119949 -0.68234748 10.17775154
5.15899992 -0.32321724 -0.11013328 9.40442467
5.16599989 -0.06703765 0.11013328 9.86171722
5.17199993 0.78050977 -0.55545479 10.49618053
5.17899990 -0.14365210 -0.01915361 9.55525875
5.18599987 0.45968673 -0.31124622 10.33576870
5.19299984 -0.25378537 0.03351882 9.69172859
5.19899988 0.06224924 0.07182605 9.74200630
5.20599985 0.80445176 -0.52672440 10.60391903
5.21199989 -0.22505496 -0.15562311 9.40202999
5.21899986 0.53151280 -0.22026655 10.13465595
5.22599983 0.15801731 -0.26336220 9.92157173
5.23299980 0.01915361 -0.05746084 9.48343277
5.23899984 0.50996494 -0.36152446 10.28309631
5.24599981 -0.14365210 -0.29927522 9.45230865
5.25299978 0.08619126 0.14365210 10.01494598
5.25899982 0.74220252 -0.46926352 10.19451046
5.26599979 0.13168110 -0.28730419 9.52652836
5.27299976 0.39264908 -0.19153613 10.21127033
5.28000021 0.43335050 -0.58418524 10.18253994
5.28599977 -0.00957681 0.30166942 9.54328823
5.29300022 0.67037648 -0.60812724 10.20887566
5.30000019 0.00478840 -0.07422026 9.72524738
5.30600023 0.33279404 -0.21787235 10.09156036
5.31300020 0.06943185 -0.26336220 9.91438961
5.32000017 0.35673606 -0.15322891 9.94551373
5.32600021 0.18195933 -0.15322891 9.78031349
5.33300018 0.34476504 -0.49320555 10.34055710
5.34000015 0.17717093 -0.03591302 9.44512558
5.34600019 -0.08140286 -0.31603462 10.25675964
5.35300016 0.19393034 -0.01915361 9.79228497
5.36000013 -0.19393034 -0.08858547 10.00536919
5.36700010 0.67037648 -0.42377371 10.04607010
5.37300014 -0.04788403 -0.00239420 9.73003578
5.38000011 0.14604631 -0.02633622 9.66299820
5.38600016 0.79726917 -0.56742579 10.39801788
5.39300013 -0.08379706 -0.10773908 9.35654068
5.40000010 0.19632454 -0.22505496 10.24718285
5.40700006 0.14365210 -0.00478840 9.86650562
5.41300011 -0.04788403 -0.01675941 9.71806431
5.42000008 0.62967503 -0.60812724 10.29267311
5.42700005 -0.12928689 0.23942018 9.44033718
5.43300009 -0.17956513 0.00239420 9.70848751
5.44000006 0.97204590 -0.65840548 10.19451046
5.44700003 -0.25617957 0.00478840 9.39484787
5.45300007 0.01197101 0.11731588 9.92875481
5.46000004 -0.08379706 -0.08619126 9.79228497
5.46600008 -0.06703765 -0.02633622 9.69891071
5.47300005 0.91219085 -0.76614451 10.40759468
5.48000002 -0.47644615 -0.10773908 9.55525875
5.48699999 0.35194764 -0.06703765 10.18493366
5.49300003 -0.10534488 -0.33039984 9.63666153
5.50000000 0.28969839 0.17238252 9.83059216
5.50699997 0.31364042 -0.45968673 10.26154804
5.51300001 0.06703765 -0.11971009 9.61990261
5.51999998 0.48841715 -0.22026655 9.90960121
5.52699995 0.04548983 -0.29688102 9.97185040
5.53299999 0.18674773 0.06224924 9.99339771
5.53999996 0.24420857 -0.43095630 10.18732834
5.54699993 0.05746084 -0.07182605 9.51934624
5.55299997 0.13886370 -0.24420857 10.13465595
5.55999994 0.16280572 -0.10534488 10.22084713
5.56699991 -0.04070143 -0.06703765 9.71327591
5.57299995 0.79726917 -0.49081135 10.06761837
5.57999992 0.00957681 -0.21308395 9.73003578
5.58699989 0.44053310 -0.00718261 9.82341003
5.59299994 -0.08379706 -0.19871874 10.20408726
5.59999990 0.28251579 -0.13886370 9.50498104
5.60699987 0.18195933 -0.19153613 10.13704967
5.61399984 0.28251579 -0.38786069 10.03170490
5.61999989 0.27293900 0.09337386 9.58398914
5.62699986 -0.16280572 -0.33997664 10.02452278
5.63399982 0.60333884 -0.33279404 10.08916569
5.64099979 -0.19393034 -0.05506664 9.61990261
5.64699984 0.65361708 -0.46926352 10.56321812
5.65399981 -0.00957681 0.28490999 9.39245319
5.66099977 0.16998832 -0.37588966 10.15859795
5.66699982 0.53151280 -0.23223756 10.07480049
5.67399979 -0.17477672 -0.27772740 9.82341003
5.68100023 0.65122288 -0.26096800 10.59194851
5.68800020 -0.05506664 -0.06943185 9.30386734
5.69399977 0.12210429 -0.05027824 10.15380955
5.70100021 0.59855044 -0.43095630 10.39562416
5.70800018 -0.00239420 -0.24181437 9.62708473
5.71500015 0.31603462 -0.10055647 10.19451046
5.72100019 -0.07661445 -0.36391866 9.53849983
5.72800016 -0.21787235 0.36391866 9.82101536
5.73500013 1.08217919 -0.87627780 10.33337498
5.74200010 -0.33997664 0.06943185 9.39963627
5.74800014 0.61052144 -0.26575640 10.08198357
5.75500011 -0.08858547 -0.28012159 9.67496872
5.76200008 0.25857377 0.05746084 9.74200630
5.76800013 0.63925183 -0.42856210 10.54645824
5.77500010 0.00478840 -0.01197101 9.38527107
5.78100014 0.56024319 -0.47165772 10.40520096
5.78800011 -0.08379706 -0.21068975 9.68215179
5.79500008 0.40462008 0.00239420 9.94312000
5.80100012 -0.00239420 -0.32321724 10.12268448
5.80800009 0.20111294 0.07661445 9.79467869
5.81500006 0.43335050 -0.37110126 10.25915432
5.82100010 0.10055647 -0.32082301 9.71567059
5.82800007 0.29448682 -0.13168110 10.16338634
5.83500004 0.28969839 -0.29927522 10.00297451
5.84200001 0.28730419 -0.04788403 9.80665016
5.84800005 0.40940848 -0.24181437 9.88326454
5.85500002 0.21308395 -0.24181437 9.98621559
5.86100006 0.31124622 -0.23942018 9.89284134
5.86800003 0.20111294 -0.24420857 9.97424412
5.87500000 0.23463176 -0.25378537 9.90720654
5.88100004 0.15801731 -0.24181437 9.96706200
5.88800001 0.47405192 -0.51954174 10.41238308
5.89499998 0.09576806 0.28730419 9.25837803
5.90100002 -0.20829555 -0.22266077 10.16578007
5.90799999 1.13245738 -0.49559975 10.09634876
5.91499996 -0.25857377 -0.22984336 9.79946709
5.92199993 0.61770403 -0.29927522 10.22084713
5.92899990 -0.45489833 0.03351882 9.42118359
5.93499994 0.13886370 0.02873042 10.21366405
5.94199991 0.81642276 -0.52433020 10.51054573
5.94899988 0.00478840 -0.13407530 9.98621559
5.95499992 1.19231248 -0.63446343 10.40998936
5.96199989 -0.22505496 -0.42377371 9.38766479
5.96899986 0.37588966 0.15083471 10.05564690
5.97499990 -0.08619126 -0.30885202 9.61511421
5.98199987 0.17238252 0.16519992 9.88805294
5.98899984 0.53869539 -0.39504328 10.28070164
5.99599981 -0.11013328 -0.30166942 9.55286503
6.00199986 0.29927522 0.13407530 10.08198357
6.00899982 0.34955344 -0.73980832 10.04128170
6.01599979 0.03351882 0.33039984 9.79707336
6.02199984 0.72783732 -0.55306059 10.04607010
6.02899981 -0.18914193 -0.01675941 9.40921307
6.03599977 0.21308395 -0.07182605 9.73721790
6.04199982 0.10773908 -0.11731588 10.18014526
6.04899979 0.18914193 -0.00718261 9.57920074
6.05600023 0.61052144 -0.58897364 10.36210537
6.06300020 0.02633622 -0.21308395 9.78510189
6.06899977 0.60094464 -0.28251579 10.10353088
6.07600021 0.11492168 -0.45489833 9.87608242
6.08300018 0.37349546 -0.04070143 9.77313137
6.08900023 -0.09337386 -0.31124622 10.10353088
6.09600019 0.38067806 -0.36870706 9.72524738
6.10300016 -0.14365210 0.07900865 9.66060352
6.10900021 0.85712421 -0.68953007 10.35971069
6.11600018 -0.07182605 0.12210429 9.53371143
6.12300014 0.18674773 -0.23942018 9.90481281
6.12900019 1.09654438 -0.61770403 10.50096893
6.13600016 -0.32082301 -0.22984336 9.64863300
6.14300013 0.70389527 -0.51954174 10.35013390
6.15000010 -0.22505496 0.20111294 9.03811169
6.15600014 0.12210429 -0.22026655 10.03888798
6.16300011 0.60094464 -0.49081135 10.36210537
6.17000008 -0.07182605 -0.25139117 9.98382092
6.17700005 0.45729253 -0.19871874 10.40759468
6.18300009 -0.28251579 -0.25857377 9.19612885
6.19000006 0.00478840 0.21068975 10.23042393
6.19700003 0.73501992 -0.50996494 10.12268448
6.20400000 -0.16759412 -0.17238252 9.61750793
6.21000004 0.79487497 -0.35673606 10.25197124
6.21700001 -0.27054480 -0.39743748 9.53610516
6.22399998 0.37349546 0.05027824 10.16817474
6.23000002 0.36391866 -0.64882869 10.28070164
6.23699999 0.31124622 0.29209262 9.74918938
6.24399996 0.32082301 -0.51954174 10.38604736
6.25099993 -0.00239420 0.02154781 9.78749657
6.25699997 0.64882869 -0.43813890 10.14902115
6.26399994 -0.05746084 -0.24660277 9.81862164
6.27099991 0.41419691 -0.00239420 9.83298683
6.27699995 -0.13886370 -0.36152446 10.00297451
6.28399992 0.29688102 0.05746084 9.55765343
6.29099989 -0.05027824 -0.29448682 9.93593693
6.29699993 0.74938512 -0.50038815 10.15620327
6.30399990 0.15562311 -0.05267244 9.66778660
6.31099987 0.50038815 -0.43335050 10.26394272
6.31699991 0.03830723 -0.04309563 9.81383324
6.32399988 -0.16041151 -0.02394202 9.86889935
6.33099985 0.82599956 -0.66319388 10.43153667
6.33799982 -0.08619126 -0.06943185 9.43315506
6.34399986 0.05506664 -0.10534488 9.94551373
6.35099983 0.10773908 -0.22266077 9.82819843
6.35699987 0.10773908 -0.08140286 9.66299820
6.36399984 0.56263739 -0.59136784 10.43632507
6.37099981 -0.10055647 0.17477672 9.33499241
6.37799978 -0.10534488 -0.24660277 10.13465595
6.38399982 0.44053310 -0.19393034 9.93114853
6.39099979 -0.11971009 -0.10295067 9.73482418
6.39799976 1.07978499 -0.64882869 10.29985619
6.40500021 -0.42616791 -0.05267244 9.49540424
6.41099977 0.34476504 -0.17477672 9.96706200
6.41800022 0.24899697 -0.28969839 10.22084713
6.42500019 0.13886370 -0.07182605 9.91678333
6.43100023 0.79966336 -0.47644615 10.58476543
6.43800020 -0.17238252 -0.41180268 9.19612885
6.44500017 0.88585460 -0.31603462 10.46745014
6.45200014 -0.19393034 -0.57460839 9.64863300
6.45800018 0.63685763 0.15562311 10.16338634
6.46500015 0.02394202 -0.30645782 10.05325317
6.47200012 0.23463176 0.05267244 9.81383324
6.47800016 0.24660277 -0.16759412 10.28788471
6.48500013 0.14365210 -0.54827219 9.58638382
6.49200010 0.35194764 0.09816227 10.18014526
6.49800014 0.16519992 -0.54348379 10.30464458
6.50500011 0.33758244 0.13168110 9.54089355
6.51200008 0.20111294 -0.47884035 10.28788471
6.51800013 0.07661445 -0.00718261 9.74440098
6.52500010 0.01436521 -0.08379706 9.73242950
6.53200006 0.78529817 -0.56742579 10.34295177
6.53800011 0.06464344 -0.11252748 9.28950214
6.54500008 0.30885202 -0.20111294 10.23760605
6.55200005 0.11013328 -0.44292730 9.77073669
6.55800009 0.25857377 -0.05027824 10.09395409
6.56500006 0.09816227 -0.41419691 10.32858658
6.57200003 0.18435353 -0.03112462 9.00938129
6.57800007 -0.44532153 0.08379706 10.13944435
6.58500004 1.22583127 -0.86191261 9.99818611
6.59200001 -0.46686932 -0.03591302 9.56723022
6.59899998 0.35913026 -0.23463176 9.86889935
6.60500002 -0.20590134 -0.03591302 9.82819843
6.61199999 0.05506664 0.01197101 9.56962395
6.61800003 1.23540807 -0.77811557 10.57279491
6.62500000 -0.37110126 -0.11971009 9.50498104
6.63199997 0.58897364 -0.36152446 10.40998936
6.63899994 -0.22266077 -0.07661445 9.33259869
6.64499998 0.31842881 -0.16280572 9.95987892
6.65199995 0.15322891 -0.29688102 9.87129402
6.65899992 -0.09097967 -0.04788403 9.56723022
6.66499996 0.57939678 -0.28730419 10.43871975
6.67199993 -0.15562311 -0.31603462 9.19134045
6.67899990 0.18674773 0.08619126 9.80186176
6.68499994 0.57460839 -0.46686932 10.22324085
6.69199991 0.13168110 -0.10773908 9.99100399
6.69899988 0.64643449 -0.22984336 10.10592556
6.70599985 0.05267244 -0.51475334 9.63187313
6.71199989 0.27054480 0.11252748 9.99818611
6.71899986 0.17717093 -0.69431847 10.01255131
6.72599983 0.07900865 0.33758244 9.89044762
6.73199987 0.23223756 -0.58657944 10.00776291
6.73899984 -0.00239420 -0.01675941 9.84974575
6.74499989 0.28012159 -0.23702596 9.91438961
6.75199986 0.08619126 -0.32561144 10.14902115
6.75899982 0.28012159 0.27533320 9.33499241
6.76499987 -0.25857377 -0.27293900 10.37647057
6.77199984 0.67277068 -0.22266077 9.78749657
6.77899981 -0.20590134 -0.23463176 9.51934624
6.78599977 0.89064306 -0.58657944 10.49857426
6.79199982 -0.14125790 -0.08619126 9.91917801
6.79899979 -0.06703765 0.14125790 9.62469101
6.80600023 0.95289230 -0.64164603 10.52730465
6.81300020 -0.19393034 -0.06703765 9.70609379
6.81899977 0.95528650 -0.64882869 10.39801788
6.82600021 -0.16519992 -0.05506664 9.32541561
6.83300018 0.14365210 -0.12449849 10.10592556
6.83900023 0.20111294 -0.33997664 10.14902115
6.84600019 0.08858547 0.03830723 9.43315506
6.85300016 0.38307226 -0.50996494 10.57758331
6.86000013 -0.16519992 0.32321724 9.25837803
6.86600018 0.16041151 -0.30406362 10.18014526
6.87300014 0.14125790 -0.12689269 9.95987892
6.88000011 -0.17477672 -0.03591302 9.87129402
6.88600016 1.02232409 -0.61291564 10.37647057
6.89300013 -0.39983168 0.05506664 9.35654068
6.90000010 0.41419691 -0.20350714 10.18972206
6.90600014 -0.27293900 -0.12689269 9.42357826
6.91300011 0.17717093 0.00478840 9.73482418
6.92000008 0.84754741 -0.63446343 10.69250488
6.92600012 -0.14844051 -0.15801731 9.33738708
6.93300009 0.66798228 -0.28730419 10.39801788
6.94000006 -0.06224924 -0.43335050 9.35893440
6.94700003 0.72304893 0.01675941 10.22802925
6.95300007 -0.05506664 -0.56742579 10.03888798
6.96000004 0.39264908 -0.05985504 9.82580376
6.96700001 0.09337386 -0.22505496 9.90960121
6.97300005 0.23702596 -0.42377371 10.02212811
6.98000002 -0.00239420 0.21547815 9.61990261
6.98699999 0.66319388 -0.73501992 10.36689377
6.99300003 0.13168110 0.17717093 9.56004715
7.00000000 -0.14604631 -0.28969839 9.95748520
7.00699997 0.44053310 -0.05506664 10.10831928
7.01399994 -0.00957681 -0.38307226 9.96227360
7.01999998 0.60094464 -0.47884035 10.70447540
7.02699995 0.07900865 0.01675941 9.05247688
7.03299999 0.24420857 -0.31842881 10.48181534
7.03999996 0.37828386 -0.34476504 9.71806431
7.04699993 0.00718261 -0.14365210 9.69891071
7.05299997 0.33997664 -0.28251579 10.58237171
7.05999994 0.36870706 -0.28969839 9.92157173
7.06699991 -0.31124622 0.34237084 9.93833160
7.07399988 1.12288058 -0.57939678 10.26633644
7.07999992 -0.35194764 0.00957681 10.06761837
7.08699989 0.92895025 -0.47405192 10.45069027
7.09399986 -0.73980832 -0.12928689 9.60793114
7.10099983 0.62009823 -0.22026655 9.74200630
7.10699987 0.24660277 -0.40940848 10.04367638
7.11399984 0.20829555 0.16519992 9.86171722
7.12099981 0.50996494 -0.73741412 10.85531044
7.12699986 -0.04788403 -0.02394202 9.57441235
7.13399982 0.30645782 -0.19393034 10.36928749
7.14099979 0.07182605 -0.35194764 9.73242950
7.14699984 0.30406362 -0.08140286 9.72045898
7.15399981 0.32561144 -0.48602295 10.55603504
7.16099977 0.02394202 -0.09337386 9.46188545
7.16699982 0.16519992 -0.11252748 10.34774017
7.17399979 0.19153613 -0.34955344 9.74440098
7.18100023 0.02154781 0.05506664 10.07719517
7.18699980 0.36631286 -0.47644615 10.55124664
7.19399977 -0.05267244 -0.09337386 9.39245319
7.20100021 0.55784899 -0.33758244 10.30224991
7.20800018 -0.02154781 -0.29448682 9.88087082
7.21400023 0.39025488 -0.00478840 9.90002441
7.22100019 0.11252748 -0.37349546 10.25436592
7.22800016 0.51954174 0.05985504 9.74918938
7.23400021 -0.06464344 -0.27533320 9.89044762
7.24100018 0.62488663 -0.44771573 10.25436592
7.24800014 -0.08619126 -0.12449849 9.52413464
7.25400019 0.09337386 -0.22026655 10.18253994
7.26100016 0.32082301 -0.01197101 10.07958889
7.26800013 -0.26575640 -0.18914193 9.78031349
7.27500010 1.23540807 -0.69671267 10.13465595
7.28100014 -0.30645782 -0.23942018 9.92875481
7.28800011 0.51475334 -0.12210429 10.25915432
7.29500008 -0.44053310 -0.04548983 9.44512558
7.30200005 0.09816227 0.12928689 10.16817474
7.30800009 0.18914193 -0.37110126 10.07001209
7.31500006 0.17238252 0.01436521 9.83777523
7.32100010 0.70628953 -0.62728083 10.60391903
7.32800007 0.01436521 -0.07900865 9.25119495
7.33500004 0.19153613 0.06464344 10.35252857
7.34100008 0.15083471 -0.44053310 9.64863300
7.34800005 -0.00478840 0.13886370 9.66299820
7.35500002 0.66079968 -0.69431847 10.35971069
7.36100006 -0.18435353 -0.10055647 9.65820980
7.36800003 0.16759412 -0.13646950 10.10353088
7.37500000 0.50278234 -0.43335050 10.20887566
7.38199997 -0.08858547 0.05027824 9.75397778
7.38800001 0.90261406 -0.69671267 10.56082344
7.39499998 -0.44771573 0.07900865 9.22246456
7.40199995 0.43574470 -0.31124622 10.11550236
7.40899992 -0.26815060 -0.20350714 9.71088219
7.41499996 0.43335050 -0.00718261 9.62947941
7.42199993 0.04548983 -0.36152446 10.66616821
7.42899990 0.26815060 -0.01675941 9.19373417
7.43499994 -0.01436521 -0.17956513 10.34055710
7.44199991 0.40222588 -0.53869539 9.84256363
7.44899988 0.40462008 -0.10295067 9.99100399
7.45499992 0.31364042 -0.45250413 10.24000072
7.46199989 0.33039984 -0.02873042 9.51695156
7.46899986 -0.17956513 -0.11971009 10.23521233
7.47599983 0.58897364 -0.39983168 9.85453415
7.48199987 -0.08858547 0.04788403 9.68454552
7.48899984 0.68953007 -0.47405192 10.26154804
7.49599981 -0.10055647 0.02633622 9.30626202
7.50199986 0.18435353 -0.13168110 10.26154804
7.50899982 0.34715924 -0.33039984 10.15620327
7.51599979 -0.05985504 -0.13886370 9.96706200
7.52199984 0.33997664 -0.50517654 10.59434223
7.52899981 -0.00957681 0.28012159 9.27513695
7.53599977 -0.07900865 -0.27772740 10.05325317
7.54300022 1.10372698 -0.56263739 10.22563553
7.54899979 -0.06464344 -0.24899697 9.84016895
7.55600023 0.79487497 -0.41898531 10.49618053
7.56300020 -0.28490999 -0.31603462 9.79467869
7.57000017 -0.00718261 -0.00239420 9.93114853
7.57600021 0.02633622 -0.03351882 9.39245319
7.58300018 -0.05985504 -0.09576806 9.72524738
7.58900023 0.96007490 -0.48602295 10.48660374
7.59600019 -0.15322891 -0.23223756 9.53371143
7.60300016 0.56503159 -0.14365210 10.24957752
7.61000013 -0.28251579 -0.49559975 9.96466732
7.61700010 0.42137951 0.15322891 9.92875481
7.62300014 0.05267244 -0.42856210 10.26394272
7.63000011 0.13886370 -0.15083471 9.13866806
7.63600016 0.11492168 -0.11731588 10.34774017
7.64300013 0.13886370 -0.42616791 9.59596062
7.65000010 0.28012159 0.08619126 10.18253994
7.65700006 0.56263739 -0.67755908 10.21127033
7.66300011 0.08858547 0.18674773 9.50258636
7.67000008 0.55545479 -0.53151280 10.16338634
7.67700005 0.26336220 -0.22026655 9.91678333
7.68300009 0.13646950 -0.07900865 9.81143856
7.69000006 0.61052144 -0.54827219 10.63504410
7.69700003 0.06703765 -0.14844051 9.47864437
7.70300007 0.21787235 -0.34237084 10.29506683
7.71000004 0.16280572 -0.35673606 9.69412231
7.71700001 0.34715924 -0.05746084 9.79467869
7.72300005 0.08619126 -0.34955344 10.25436592
7.73000002 0.17477672 -0.03351882 9.59596062
7.73699999 -0.30166942 -0.05506664 10.02212811
7.74300003 1.11330378 -0.64164603 9.89523602
7.75000000 -0.41898531 0.00239420 9.75158310
7.75699997 0.61291564 -0.44771573 9.90241814
7.76300001 0.07182605 -0.02154781 10.05085850
7.76999998 0.18674773 -0.05027824 9.51695156
7.77699995 0.92176765 -0.56503159 10.64222622
7.78399992 -0.32800564 -0.13646950 9.51695156
7.78999996 0.54587799 -0.33279404 10.27591324
7.79699993 -0.11013328 -0.18195933 9.42597198
7.80399990 0.64643449 -0.45968673 10.12986755
7.81099987 0.43574470 -0.31364042 10.30943298
7.81699991 0.16998832 -0.12689269 9.60553741
7.82399988 0.28012159 -0.21547815 10.77630138
7.83099985 -0.08858547 -0.12928689 9.22964764
7.83699989 -0.16041151 0.06703765 10.04846478
7.84399986 0.70150107 -0.51475334 10.19211674
7.85099983 -0.27054480 -0.05746084 10.02931118
7.85799980 0.79726917 -0.37588966 10.56800652
7.86499977 -0.30166942 -0.16280572 9.46427917
7.87099981 0.41898531 -0.11731588 10.25436592
7.87799978 0.24181437 -0.53151280 10.02931118
7.88500023 0.50278234 0.16041151 9.77552509
7.89099979 0.17238252 -0.43574470 10.40998936
7.89799976 0.41180268 -0.11971009 9.60074902
7.90500021 0.00718261 -0.27772740 10.08916569
7.91200018 0.47165772 -0.21787235 9.99579239
7.91800022 0.10534488 -0.07900865 9.59835434
7.92500019 0.15083471 -0.46208093 10.55124664
7.93200016 0.10295067 0.24899697 9.48103905
7.93800020 -0.39743748 -0.17956513 10.00536919
7.94500017 1.17076468 -0.56503159 10.16338634
7.95200014 -0.22026655 -0.22984336 9.57201862
7.95900011 0.73741412 -0.31124622 10.51054573
7.96500015 -0.24899697 -0.05027824 9.73003578
7.97200012 0.14844051 0.13407530 9.89044762
7.97900009 0.08619126 -0.25139117 9.85214043
7.98500013 0.05027824 -0.00478840 9.86171722
7.99200010 0.28969839 -0.48123455 10.48420906
7.99900007 0.03351882 0.10295067 9.08120728
8.00500011 -0.14125790 0.04548983 10.05804157
8.01200008 1.01753569 -0.81402856 10.25675964
8.01900005 -0.26815060 0.19871874 9.90720654
8.02499962 0.28012159 -0.32800564 10.18014526
8.03199959 0.16041151 -0.07422026 9.96466732
8.03899956 0.18914193 -0.11252748 9.80665016
8.04500008 1.05584300 -0.54108959 10.48899746
8.05200005 -0.24899697 0.06943185 9.68694019
8.05900002 0.81881696 -0.55066639 10.43153667
8.06599998 -0.44292730 -0.09337386 9.45470238
8.07199955 0.53390700 -0.08140286 9.87368774
8.07900047 -0.33997664 -0.16041151 9.68215179
8.08600044 0.40222588 -0.09337386 9.94790840
8.09200001 0.35434186 -0.34237084 10.31900978
8.09899998 0.07661445 -0.28969839 9.12669659
8.10599995 0.19153613 -0.02154781 10.33337498
8.11200047 0.29927522 -0.41419691 9.50498104
8.11900043 0.39983168 -0.06224924 10.07001209
8.12600040 0.38067806 -0.25139117 10.29267311
8.13300037 0.27293900 -0.24181437 9.62947941
8.13899994 0.02633622 -0.01197101 10.21605873
8.14599991 0.22744916 -0.42137951 9.40202999
8.15299988 0.11492168 0.06943185 10.07240677
8.15900040 0.32082301 -0.49081135 9.98382092
8.16600037 0.04309563 0.19393034 9.63426781
8.17199993 0.20590134 -0.28251579 9.88326454
8.17899990 0.07900865 -0.29448682 10.24718285
8.18599987 0.17238252 0.12210429 9.54568195
8.19200039 0.11971009 -0.38307226 10.32858658
8.19900036 0.43095630 0.03591302 9.73961258
8.20600033 -0.33039984 -0.24899697 9.99579239
8.21199989 1.34554136 -0.65840548 10.08677197
8.21899986 -0.22505496 -0.13168110 9.75637150
8.22599983 -0.04309563 0.04309563 10.20169353
8.23299980 -0.07661445 -0.00957681 9.64863300
8.23900032 0.04548983 0.13407530 9.66299820
8.24600029 0.99359369 -0.58657944 10.66856289
8.25199986 -0.15562311 -0.24420857 9.79467869
8.25899982 0.89782566 -0.41898531 10.34774017
8.26599979 -0.21308395 -0.39025488 9.82101536
8.27299976 0.29209262 -0.02394202 10.33337498
8.27900028 0.10055647 -0.41180268 9.77791977
8.28600025 0.28969839 0.09337386 9.64144993
8.29300022 0.25378537 -0.42856210 10.37168217
8.29899979 -0.04548983 -0.10295067 9.47625065
8.30599976 0.01915361 -0.11252748 10.10592556
8.31299973 1.13245738 -0.69910687 10.33816338
8.31999969 -0.09576806 0.20350714 9.88326454
8.32600021 0.73023152 -0.49320555 10.27830791
8.33300018 -0.54348379 0.11252748 9.16739845
8.34000015 0.45729253 -0.10295067 9.90481281
8.34599972 0.10773908 -0.37828386 10.34774017
8.35299969 0.40701428 0.12449849 9.63905621
8.35999966 0.21547815 -0.21787235 10.53448772
8.36699963 0.10534488 -0.04070143 9.49540424
8.37300014 0.43095630 -0.29927522 10.46984386
8.38000011 0.07900865 -0.55784899 9.87847614
8.38700008 0.64882869 -0.13168110 9.94312000
8.39299965 -0.06943185 -0.26815060 10.36210537
8.39999962 0.44771573 -0.22505496 9.37090588
8.40699959 -0.27772740 0.03591302 10.31182671
8.41300011 0.52672440 -0.43335050 9.81622696
8.42000008 -0.13646950 0.09816227 10.08437729
8.42700005 0.69192427 -0.52672440 10.09874249
8.43400002 -0.29209262 0.02394202 9.73242950
8.43999958 0.22984336 -0.14604631 9.95030212
8.44699955 0.55066639 -0.47884035 10.48899746
8.45400047 0.12449849 0.05985504 9.60793114
8.46000004 0.26575640 -0.45729253 10.66856289
8.46700001 0.45489833 0.04070143 9.79707336
8.47299957 -0.27054480 -0.12210429 9.85453415
8.47999954 0.97922850 -0.74459672 9.97903252
8.48700047 -0.16280572 -0.11013328 9.55047035
8.49300003 0.05985504 -0.05985504 10.07958889
8.50000000 -0.15083471 -0.08379706 9.21288776
8.50699997 0.11492168 0.04070143 10.12747288
8.51399994 1.22104287 -0.69431847 10.36210537
8.52000046 -0.21308395 -0.19153613 9.97185040
8.52700043 0.86191261 -0.25617957 10.70447540
8.53400040 -0.21068975 -0.45968673 9.20809937
8.54100037 0.36870706 0.12928689 10.02452278
8.54699993 0.40940848 -0.70628953 10.35731697
8.55399990 0.14125790 0.03830723 9.59596062
8.56099987 0.24660277 -0.28251579 10.37886429
8.56700039 0.14365210 -0.36391866 9.42597198
8.57400036 0.32082301 -0.11731588 10.40520096
8.58100033 0.10534488 -0.64882869 9.93593693
8.58699989 0.28490999 0.15562311 9.88565922
8.59399986 0.67037648 -0.63685763 10.22084713
8.60099983 -0.09337386 0.02154781 9.23682976
8.60700035 0.04309563 -0.17717093 9.98860931
8.61400032 0.32321724 -0.27533320 10.05564690
8.62100029 0.00957681 -0.02154781 9.53131676
8.62699986 0.67755908 -0.47405192 10.52251625
8.63399982 -0.04309563 -0.25378537 9.41639519
8.64099979 0.66319388 -0.14844051 9.94790840
8.64700031 -0.01436521 -0.45010993 9.90002441
8.65400028 0.46208093 -0.02873042 9.79946709
8.66100025 -0.27293900 -0.37828386 10.26394272
8.66699982 0.52911860 -0.15562311 9.49061584
8.67399979 -0.26575640 -0.20350714 10.19211674
8.68099976 1.04147768 -0.57700258 10.15380955
8.68799973 -0.18435353 0.05746084 9.79228497
8.69400024 0.29688102 -0.29927522 9.89284134
8.70100021 0.37110126 -0.10534488 10.30703831
8.70800018 -0.00957681 -0.10295067 9.58159542
8.71399975 1.02711248 -0.61770403 10.34055710
8.72099972 -0.44532153 0.06703765 9.38527107
8.72799969 0.40701428 -0.37110126 10.14423275
8.73499966 -0.13407530 0.10773908 9.18415737
8.74100018 0.17238252 -0.01436521 9.54328823
8.74800014 0.23942018 -0.41180268 10.02212811
8.75500011 -0.04309563 0.01675941 9.86411095
8.76099968 0.54587799 -0.41898531 10.53688145
8.76799965 -0.03830723 -0.09576806 9.43554878
8.77499962 -0.04070143 -0.26575640 9.98382092
8.78100014 1.04626620 -0.53390700 10.36689377
8.78800011 -0.21787235 -0.16519992 9.14585018
8.79500008 0.51714754 -0.23463176 10.00297451
8.80200005 -0.29209262 -0.48841715 9.83777523
8.80900002 0.38307226 0.00000000 9.84735203
8.81499958 0.48123455 -0.66079968 10.47942066
8.82199955 0.25617957 0.20350714 9.69172859
8.82800007 0.53390700 -0.49081135 10.24239445
8.83500004 0.04070143 -0.07900865 9.58877754
8.84099960 0.45489833 -0.37588966 10.19451046
8.84799957 -0.09816227 -0.51714754 10.11071396
8.85499954 0.56742579 0.12210429 9.74200630
8.86200047 -0.03112462 -0.50757074 10.28309631
8.86900043 0.39264908 0.07661445 9.66299820
8.87500000 -0.00957681 -0.25617957 10.03409958
8.88199997 0.85233581 -0.48123455 10.20169353
8.88899994 0.00478840 -0.19393034 9.67496872
8.89500046 0.37588966 -0.31364042 10.18732834
8.90200043 -0.21787235 0.00478840 9.70848751
8.90900040 0.15801731 -0.01675941 9.70609379
8.91499996 0.54108959 -0.50038815 10.68292809
8.92199993 0.05027824 -0.00239420 9.22246456
8.92800045 0.32561144 -0.26096800 10.17056847
8.93500042 0.21787235 -0.19632454 9.74200630
8.94200039 0.09816227 -0.08379706 9.68215179
8.94799995 0.78290397 -0.67277068 10.40759468
8.95499992 -0.18674773 0.08379706 9.55047035
8.96199989 -0.05027824 -0.19153613 10.27591324
8.96899986 1.02711248 -0.47405192 10.31661510
8.97500038 -0.06703765 -0.11492168 9.50737476
8.98200035 0.92655605 -0.40701428 10.35731697
8.98900032 -0.61530983 -0.03591302 9.26316643
8.99600029 0.71826053 -0.33758244 9.89523602
9.00199986 0.11252748 -0.28490999 10.42674828
9.00899982 0.22744916 0.00957681 9.46667385
9.01599979 0.19871874 -0.19393034 10.68292809
9.02200031 -0.05985504 -0.00478840 9.58877754
9.02900028 0.73023152 -0.35194764 10.55364132
9.03600025 -0.12449849 -0.41180268 9.64863300
9.04300022 0.45250413 0.10773908 9.61032581
9.04899979 0.20590134 -0.28730419 10.37886429
9.05599976 0.36631286 -0.24420857 9.82580376
9.06299973 -0.01915361 -0.11492168 10.14423275
9.06900024 0.26336220 -0.31364042 9.35175228
9.07600021 -0.04070143 0.16280572 10.04367638
9.08300018 0.42137951 -0.53151280 10.04607010
9.09000015 0.05985504 0.21068975 9.82341003
9.09599972 0.64404029 -0.51714754 10.07958889
9.10299969 -0.21547815 -0.02633622 9.67736340
9.10900021 0.49799395 -0.29448682 9.69651699
9.11600018 -0.19153613 -0.26336220 9.97185040
9.12300014 0.35913026 0.09816227 9.51216316
9.12899971 0.00000000 -0.46208093 10.34534550
9.13599968 0.47884035 -0.24181437 9.96466732
9.14299965 0.18195933 -0.35673606 9.81143856
9.14900017 0.46686932 -0.50038815 10.54885292
9.15600014 0.18674773 0.07422026 9.38048267
9.16300011 -0.44292730 0.01915361 10.02931118
9.16899967 1.18273568 -0.54587799 10.22084713
9.17599964 -0.38307226 -0.04548983 9.61750793
9.18299961 0.77572137 -0.24420857 10.25197124
9.18999958 -0.58418524 -0.05506664 9.33259869
9.19600010 0.14844051 -0.04070143 10.06761837
9.20300007 0.02873042 -0.19871874 9.94312000
9.21000004 0.22026655 0.03112462 9.55286503
9.21599960 0.47165772 -0.59855044 10.52730465
9.22299957 -0.05506664 -0.10295067 9.37090588
9.22999954 0.21308395 -0.18674773 9.99818611
9.23600006 0.37110126 -0.19871874 9.97185040
9.24300003 0.12928689 -0.12928689 9.93593693
9.25000000 0.71107793 -0.50757074 10.50336266
9.25599957 -0.16519992 0.04788403 9.16500378
9.26299953 0.12449849 -0.24181437 10.20408726
9.27000046 0.39983168 -0.36631286 9.98142719
9.27600002 -0.02633622 -0.03591302 9.84974575
9.28299999 0.85233581 -0.59855044 10.54645824
9.28999996 -0.19153613 -0.22984336 9.53371143
9.29699993 0.46208093 -0.15322891 10.20169353
9.30300045 -0.04309563 -0.36152446 9.44991398
9.31000042 0.54587799 -0.03112462 9.91917801
9.31700039 -0.13886370 -0.47644615 10.05804157
9.32400036 0.54587799 -0.04309563 9.56962395
9.32999992 -0.15562311 -0.22505496 9.93354321
9.33699989 0.60573304 -0.43813890 10.11071396
9.34399986 0.05746084 0.08140286 9.86411095
9.35000038 0.43813890 -0.53151280 10.26633644
9.35700035 0.11013328 0.28251579 9.66060352
9.36400032 -0.36631286 -0.25617957 9.85692883
9.36999989 1.04147768 -0.56742579 10.09156036
9.37699986 -0.23702596 -0.31603462 9.84735203
9.38399982 0.76135612 -0.43095630 10.52730465
9.39099979 -0.12689269 -0.00239420 9.33738708
9.39700031 0.21068975 -0.15322891 10.17775154
9.40400028 0.19871874 -0.21308395 9.68215179
9.41100025 0.13886370 -0.13886370 9.72764111
9.41699982 0.43095630 -0.33758244 10.61828423
9.42399979 -0.09576806 -0.11252748 9.29429054
9.43099976 -0.32561144 -0.05027824 10.30464458
9.43799973 0.75896192 -0.57221419 9.96227360
9.44400024 -0.09337386 -0.00239420 9.92396641
9.45100021 0.86430681 -0.41898531 10.25197124
9.45800018 -0.43095630 -0.17956513 9.61990261
9.46399975 0.20111294 -0.07182605 9.89762974
9.47099972 0.22744916 -0.36152446 9.92396641
9.47799969 0.07661445 0.11013328 9.87847614
9.48400021 0.65361708 -0.62009823 10.37168217
9.49100018 -0.38067806 0.00478840 9.24640656
9.49800014 0.58179098 -0.16998832 9.95987892
9.50399971 -0.29448682 -0.21068975 9.75876617
9.51099968 0.44532153 0.00239420 9.65102673
9.51700020 -0.06464344 -0.34715924 10.53448772
9.52400017 0.07422026 0.14365210 8.89924812
9.53100014 0.08140286 -0.28251579 10.53448772
9.53800011 0.37588966 -0.35434186 9.83298683
9.54399967 0.33279404 -0.12928689 10.28309631
9.55099964 0.49081135 -0.26096800 10.26873112
9.55799961 0.20111294 -0.17238252 9.57201862
9.56400013 0.06224924 -0.14604631 10.19451046
9.57100010 0.28012159 -0.43813890 9.78989029
9.57800007 0.10295067 -0.02394202 9.85214043
9.58399963 0.40222588 -0.47165772 10.05325317
9.59099960 0.00957681 0.06224924 9.76594830
9.59799957 0.25857377 -0.26575640 9.89762974
9.60400009 0.12449849 -0.25617957 10.23760605
9.61100006 0.02873042 0.11731588 9.48343277
9.61800003 0.17956513 -0.40701428 10.41717148
9.62399960 0.55784899 0.01197101 9.88805294
9.63099957 -0.21308395 -0.15562311 9.62469101
9.63799953 1.25695586 -0.59376204 10.40041256
9.64400005 -0.33279404 -0.21787235 9.42118359
9.65100002 0.06943185 0.00000000 9.87368774
9.65699959 -0.13646950 -0.04788403 9.73482418
9.66399956 0.16280572 -0.11731588 9.52652836
9.67099953 0.95049810 -0.46926352 10.45787334
9.67800045 -0.24899697 -0.17956513 9.73721790
9.68400002 0.76853877 -0.23702596 10.41956615
9.69099998 -0.27772740 -0.39025488 9.53371143
9.69799995 0.37349546 0.10055647 9.77791977
9.70400047 0.22505496 -0.54827219 10.24478912
9.71100044 0.22505496 0.06703765 9.20570564
9.71800041 0.10295067 -0.31124622 10.38125896
9.72500038 0.07900865 -0.11013328 9.37090588
9.73099995 0.06943185 0.00239420 9.93833160
9.73799992 0.77811557 -0.59855044 10.49857426
9.74400043 0.10773908 0.05746084 9.69651699
9.75100040 0.52433020 -0.53390700 10.04846478
9.75800037 -0.21547815 0.07422026 9.58398914
9.76399994 -0.05027824 -0.03830723 9.77313137
9.77099991 0.26575640 -0.34715924 10.35252857
9.77799988 0.11971009 0.05985504 9.50258636
9.78400040 0.52193600 -0.40462008 10.48660374
9.79100037 0.03112462 -0.28969839 9.67975712
9.79800034 0.52672440 -0.20111294 10.14423275
9.80399990 0.13407530 -0.41659111 10.05085850
9.81099987 0.49799395 0.02633622 9.66060352
9.81799984 -0.31842881 -0.28012159 10.15859795
9.82499981 0.57221419 -0.26336220 9.48822117
9.83100033 -0.32561144 -0.05027824 9.85932255
9.83800030 0.98162270 -0.60573304 10.26154804
9.84500027 -0.26096800 0.12928689 9.75397778
9.85099983 0.41898531 -0.22266077 9.83298683
9.85799980 0.90500826 -0.39504328 10.65419769
9.86499977 -0.34715924 -0.08379706 9.63905621
9.87100029 0.92655605 -0.62488663 10.56321812
9.87800026 -0.26096800 -0.00239420 9.24640656
9.88500023 0.44771573 -0.32800564 10.01015759
9.89200020 0.28251579 -0.17717093 10.20887566
9.89799976 0.29448682 -0.12689269 9.60314274
9.90499973 0.48602295 -0.45729253 10.66377449
9.91199970 -0.09576806 -0.13407530 9.19134045
9.91899967 -0.14604631 0.01197101 10.25675964
9.92500019 0.11252748 -0.22026655 9.55765343
9.93200016 -0.07182605 -0.03591302 9.76834297
9.93900013 0.94331545 -0.41898531 10.51293945
9.94499969 -0.04070143 -0.20111294 9.65102673
9.95199966 0.79966336 -0.17238252 9.97185040
9.95899963 -0.14604631 -0.56503159 9.75876617
9.96599960 0.38546649 0.11971009 9.61271954
9.97200012 0.44292730 -0.69910687 10.73081207
9.97900009 0.18195933 0.17238252 9.33020401
9.98600006 0.35194764 -0.47644615 10.39083576
9.99199963 0.16519992 -0.08140286 9.61990261
9.99899960 0.41180268 -0.17956513 10.07719517
10.00599957 0.02394202 -0.54827219 10.58716011
10.01299953 0.31124622 0.23702596 9.24401283
10.01900005 -0.23942018 -0.35913026 10.39083576
10.02600002 0.22984336 0.07661445 9.44512558
10.03299999 -0.10055647 -0.16759412 9.77791977
10.03999996 1.01753569 -0.51235914 10.44590187
10.04699993 -0.14844051 -0.04309563 9.42836666
10.05399990 0.41180268 -0.25139117 10.05804157
10.06099987 -0.01915361 -0.15801731 9.98382092
10.06700039 0.07661445 0.01197101 9.59356594
10.07400036 0.53390700 -0.50757074 10.14662647
10.08100033 0.09097967 -0.08858547 9.85453415
10.08800030 0.19871874 -0.30645782 10.45308495
10.09500027 0.11492168 0.05746084 9.45470238
10.10099983 -0.13886370 -0.00478840 10.04367638
10.10799980 1.13006318 -0.71586633 10.14423275
10.11499977 -0.20350714 -0.00478840 9.95987892
10.12199974 0.56024319 -0.31124622 10.21605873
10.12899971 -0.36870706 0.10773908 9.44752026
10.13599968 0.27054480 -0.26336220 10.13226128
10.14299965 0.43335050 -0.24420857 10.02931118
10.14999962 -0.21068975 0.00957681 9.67975712
10.15600014 0.95528650 -0.65122288 10.55842972
10.16300011 -0.25617957 -0.19632454 9.39484787
10.17000008 0.57460839 -0.08379706 10.02452278
10.17700005 -0.20829555 -0.42856210 9.54328823
10.18400002 0.64404029 -0.16998832 10.03888798
10.19099998 -0.01675941 -0.17238252 10.06043530
10.19799995 0.22984336 -0.11492168 9.76834297
10.20400047 0.05985504 -0.10055647 10.33337498
10.21100044 0.20111294 -0.38786069 9.27274323
10.21800041 0.06464344 0.02633622 10.21366405
10.22500038 0.31842881 -0.56981999 9.62947941
10.23200035 0.21068975 0.22266077 9.95030212
10.23799992 0.41898531 -0.48362875 9.86171722
10.24499989 0.05506664 0.02633622 9.88326454
10.25199986 0.25139117 -0.14365210 9.68454552
10.25800037 0.16280572 -0.36391866 10.11310768
10.26500034 0.24420857 -0.11252748 9.69412231
10.27200031 0.30645782 -0.36391866 10.28788471
10.27900028 0.25857377 -0.03351882 9.33738708
10.28600025 0.23942018 -0.39983168 10.38604736
10.29300022 0.38546649 -0.25378537 9.83777523
10.29899979 0.18674773 -0.21547815 9.75637150
10.30599976 0.11013328 -0.29448682 10.57997704
10.31299973 0.12449849 0.05027824 9.38048267
10.31999969 -0.44532153 0.20590134 9.83298683
10.32699966 1.24737906 -0.67516488 10.15620327
10.33399963 -0.52193600 -0.03351882 9.76594830
10.34000015 0.72304893 -0.39743748 10.09395409
10.34700012 -0.55066639 -0.02633622 9.55286503
10.35400009 0.33518824 -0.10534488 10.05804157
10.36100006 0.10773908 -0.24420857 9.67736340
10.36800003 0.29688102 0.17477672 9.58159542
10.37500000 0.46208093 -0.61770403 10.52730465
10.38099957 -0.01197101 -0.01915361 9.38287640
10.38799953 0.23702596 -0.29927522 10.70208168
10.39500046 0.00239420 -0.14844051 9.42118359
10.40200043 0.30166942 -0.12689269 9.87847614
10.40900040 0.48362875 -0.50517654 10.37168217
10.41600037 0.11013328 -0.05027824 9.85932255
10.42199993 0.37349546 -0.39264908 10.16338634
10.42899990 -0.20590134 -0.04548983 9.33259869
10.43599987 0.17477672 -0.01915361 9.82101536
10.44299984 0.15801731 -0.31603462 10.00297451
10.44999981 0.14844051 0.10773908 9.88087082
10.45600033 0.68713588 -0.54348379 10.34534550
10.46300030 0.07182605 -0.07661445 9.55525875
10.47000027 0.53630120 -0.33279404 10.22563553
10.47700024 0.02394202 -0.28730419 9.82580376
10.48400021 0.42137951 -0.06943185 10.05085850
10.49100018 0.06943185 -0.52433020 10.20648193
10.49699974 0.41419691 0.20350714 9.58877754
10.50399971 -0.32082301 -0.37588966 10.21127033
10.51099968 0.98401690 -0.42377371 9.98142719
10.51799965 -0.21068975 -0.17238252 9.63426781
10.52499962 0.77572137 -0.42377371 10.36928749
10.53199959 -0.25139117 0.16759412 9.55286503
10.53800011 0.09816227 -0.18674773 9.71088219
10.54500008 0.74459672 -0.39983168 10.60391903
10.55200005 -0.09097967 -0.12210429 9.62229633
10.55900002 0.91937345 -0.43335050 10.57758331
10.56599998 -0.21787235 -0.16759412 9.47864437
10.57299995 0.12210429 -0.11971009 10.45308495
10.57999992 -0.05985504 -0.05506664 9.01895809
10.58600044 -0.08140286 -0.00478840 10.17775154
10.59300041 0.57221419 -0.43095630 9.96945572
10.60000038 0.04309563 -0.16041151 9.73721790
10.60700035 0.40462008 -0.30406362 10.38844109
10.61400032 -0.02394202 -0.25378537 9.55765343
10.62100029 0.05746084 -0.11252748 9.94312000
10.62699986 0.66319388 -0.49799395 10.01494598
10.63399982 -0.19153613 0.27054480 9.83298683
10.64099979 0.56024319 -0.44292730 10.39083576
10.64799976 -0.53630120 0.01675941 9.30386734
10.65499973 0.66798228 -0.22266077 10.32140350
10.66199970 -0.39025488 -0.18674773 9.71088219
10.66899967 0.54348379 -0.02154781 9.64863300
10.67500019 -0.21068975 -0.26096800 10.24957752
10.68200016 0.35194764 0.08140286 9.70130539
10.68900013 0.23223756 -0.33518824 10.36928749
10.69600010 0.33279404 -0.19632454 9.62229633
10.70300007 0.50038815 -0.38786069 10.12986755
10.71000004 0.33997664 -0.44771573 10.03888798
10.71599960 0.44053310 -0.16759412 10.11071396
10.72299957 0.41180268 -0.32321724 10.04846478
10.72999954 0.33518824 -0.12210429 9.58398914
10.73700047 0.26815060 -0.19393034 10.19690514
10.74400043 0.27533320 -0.31124622 9.87847614
10.75100040 0.25617957 -0.14125790 9.99339771
10.75800037 0.32800564 -0.33039984 10.16338634
10.76399994 0.20590134 -0.03591302 9.56004715
10.77099991 0.22026655 -0.32082301 10.31661510
10.77799988 0.32800564 -0.14125790 9.88805294
10.78499985 0.10295067 -0.22266077 9.81383324
10.79199982 0.44532153 -0.41419691 10.52251625
10.79899979 -0.03591302 0.31124622 9.37808800
10.80500031 -0.36391866 -0.15562311 10.07001209
10.81200027 0.94810385 -0.41419691 10.26394272
10.81900024 -0.23702596 -0.16041151 9.64384460
10.82600021 1.13485157 -0.49320555 10.49618053
10.83300018 -0.35673606 -0.19393034 9.53610516
10.84000015 0.43813890 -0.18914193 10.29027843
10.84700012 -0.28730419 -0.12928689 9.50258636
10.85400009 0.07661445 0.16998832 9.90720654
10.85999966 0.33039984 -0.53151280 10.15859795
10.86699963 0.17717093 0.00957681 9.48582745
10.87399960 0.54587799 -0.54587799 10.58716011
10.88099957 -0.01915361 -0.28251579 9.32541561
10.88799953 0.25857377 -0.06224924 10.05085850
10.89500046 0.08858547 -0.44292730 10.00536919
10.90200043 0.13886370 0.17238252 10.06522369
10.90799999 0.82839382 -0.79487497 10.42435455
10.91499996 -0.22505496 0.33518824 9.03332329
10.92199993 0.13646950 -0.27772740 10.06761837
10.92899990 -0.09576806 0.06464344 9.69412231
10.93599987 0.11492168 -0.14604631 9.73721790
10.94200039 0.81642276 -0.55066639 10.54645824
10.94900036 -0.01675941 0.00478840 9.57920074
10.95600033 0.50038815 -0.43095630 10.34295177
10.96300030 -0.03591302 -0.13646950 9.45709705
10.97000027 0.43574470 -0.16280572 9.95269680
10.97700024 0.00957681 -0.37828386 10.12268448
10.98299980 0.48841715 0.03591302 9.68933392
10.98999977 -0.24660277 -0.32321724 10.13704967
10.99699974 0.35194764 0.01675941 9.46188545
11.00399971 -0.24181437 0.00478840 9.69651699
11.01000023 0.77811557 -0.54108959 10.34774017
11.01700020 -0.25378537 0.10534488 9.65820980
11.02400017 0.30645782 -0.41659111 9.99818611
11.03100014 0.17956513 0.08858547 9.90241814
11.03699970 0.00239420 -0.27772740 9.54328823
11.04399967 0.91937345 -0.50517654 10.57518864
11.05099964 -0.20111294 -0.09097967 9.72524738
11.05799961 0.62488663 -0.54827219 10.70687008
11.06499958 0.02873042 0.11492168 9.29668522
11.07199955 0.25139117 -0.25857377 9.67018032
11.07800007 0.58418524 -0.30406362 10.21127033
11.08500004 0.16041151 -0.16759412 9.75637150
11.09200001 0.48602295 -0.31364042 10.69011021
11.09899998 -0.17717093 -0.21547815 9.51934624
11.10599995 -0.22266077 0.08619126 9.81622696
11.11299992 0.88106620 -0.48602295 9.94790840
11.11900043 -0.19871874 0.02633622 9.83538055
11.12600040 1.06541979 -0.55784899 10.39562416
11.13300037 -0.45010993 -0.09576806 9.36851120
11.14000034 0.60573304 -0.21547815 10.23042393
11.14700031 -0.56503159 -0.22505496 9.51216316
11.15400028 0.43813890 -0.01197101 9.67975712
11.15999985 0.21068975 -0.44532153 10.39562416
11.16699982 0.30645782 0.19153613 9.60553741
11.17399979 0.29448682 -0.57221419 10.40041256
11.18099976 0.17956513 -0.00478840 9.20331097
11.18799973 0.18195933 -0.36152446 10.40041256
11.19499969 0.20111294 -0.25378537 9.62229633
11.20100021 0.29688102 -0.01197101 10.01015759
11.20800018 0.49559975 -0.59376204 10.50336266
11.21500015 0.16759412 -0.03830723 9.48343277
11.22200012 0.33518824 -0.40462008 10.26873112
11.22900009 -0.03591302 0.01915361 9.63426781
11.23600006 0.15322891 -0.12689269 9.74200630
11.24199963 0.57221419 -0.58657944 10.52969933
11.24899960 0.03830723 0.09816227 9.30626202
11.25599957 0.35673606 -0.43095630 10.25436592
11.26299953 0.17238252 -0.18435353 9.53849983
11.27000046 0.18195933 -0.27054480 10.10831928
11.27700043 0.32082301 -0.47165772 10.20887566
11.28299999 0.23223756 0.19153613 9.30626202
11.28999996 -0.10055647 -0.32561144 9.90002441
11.29699993 0.72304893 -0.11731588 10.05804157
11.30399990 -0.28730419 -0.22984336 9.60553741
11.31099987 1.38145435 -0.65361708 10.37407589
11.31799984 -0.48123455 -0.07661445 9.59356594
11.32499981 0.36631286 -0.17717093 9.97663879
11.33100033 -0.11492168 0.16519992 9.58398914
11.33800030 0.31842881 -0.13168110 9.89044762
11.34500027 0.46686932 -0.49799395 10.47223854
11.35200024 0.08858547 -0.21068975 9.63426781
11.35900021 0.24660277 -0.11971009 10.63504410
11.36600018 -0.12928689 -0.44292730 9.33020401
11.37199974 0.32321724 -0.02154781 10.34295177
11.37899971 0.50278234 -0.37110126 10.16817474
11.38599968 0.12210429 -0.06703765 9.76594830
11.39299965 0.66079968 -0.40222588 10.13704967
11.39999962 0.14604631 -0.31124622 9.40202999
11.40699959 0.17717093 -0.08858547 10.19211674
11.41399956 -0.22026655 -0.39504328 9.66299820
11.42000008 0.12689269 0.12449849 9.74918938
11.42700005 0.93373865 -0.90740246 10.50575733
11.43400002 -0.06224924 0.25617957 9.59117222
11.44099998 0.55784899 -0.53151280 10.32140350
11.44799995 -0.11013328 -0.02633622 9.41878986
11.45499992 0.46926352 -0.43813890 10.28309631
11.46199989 0.00000000 -0.36870706 9.66539192
11.46800041 0.26575640 0.20829555 9.64863300
11.47500038 -0.07900865 -0.38546649 10.37168217
11.48200035 0.30645782 0.16041151 9.17458057
11.48799992 -0.15562311 -0.27054480 10.17535686
11.49499989 0.52672440 -0.35194764 9.90241814
11.50199986 -0.01675941 -0.07422026 9.93354321
11.50899982 0.61291564 -0.44292730 10.03409958
11.51599979 0.06464344 -0.06703765 9.83777523
11.52299976 0.08140286 -0.14604631 10.07480049
11.52999973 0.47884035 -0.30645782 9.94790840
11.53600025 0.11013328 -0.11252748 9.73242950
11.54300022 0.58897364 -0.44292730 10.61349583
11.55000019 0.13886370 0.05985504 9.51934624
11.55700016 0.02633622 -0.24420857 10.08198357
11.56299973 0.33039984 -0.18195933 9.97424412
11.56999969 0.01915361 -0.17956513 9.49779797
11.57699966 0.62728083 -0.49320555 10.47942066
11.58399963 -0.24899697 0.12449849 9.44033718
11.59099960 -0.15083471 -0.10055647 10.00776291
11.59799957 0.11013328 -0.02154781 9.73482418
11.60400009 0.00957681 -0.13168110 9.77073669
11.61100006 1.35272396 -0.75417352 10.26154804
11.61800003 -0.20590134 -0.06224924 9.62947941
11.62500000 0.48123455 0.04548983 10.05085850
11.63199997 -0.50278234 -0.49799395 9.53849983
11.63899994 0.62488663 0.14365210 9.84016895
11.64500046 -0.12689269 -0.45010993 10.05804157
11.65200043 0.27772740 -0.02633622 10.02931118
11.65900040 0.09097967 -0.32561144 10.38604736
11.66600037 0.05027824 -0.13886370 9.29668522
11.67300034 0.11492168 0.11013328 10.30703831
11.68000031 0.18914193 -0.54348379 9.38287640
11.68599987 0.19871874 0.16519992 10.18014526
11.69299984 0.67277068 -0.66558808 10.34295177
11.69999981 0.06224924 0.15562311 9.64144993
11.70699978 0.38307226 -0.48123455 10.13944435
11.71399975 -0.08379706 -0.01436521 9.88565922
11.72099972 0.12689269 -0.15322891 9.73961258
11.72700024 0.36391866 -0.40701428 10.74038887
11.73400021 0.16759412 0.04309563 9.43315506
11.74100018 0.27533320 -0.34237084 10.49139214
11.74800014 0.20111294 -0.28969839 9.63905621
11.75500011 0.35434186 -0.31364042 10.09874249
11.76200008 0.43813890 -0.53869539 10.30943298
11.76799965 0.07900865 -0.03112462 9.46188545
11.77499962 -0.12210429 -0.26815060 10.08198357
11.78199959 0.83078802 -0.37349546 10.03888798
11.78899956 -0.33518824 0.00718261 9.75637150
11.79599953 0.94570965 -0.38546649 10.24478912
11.80300045 -0.46686932 0.02633622 9.59117222
11.81000042 0.56263739 -0.25617957 10.09395409
11.81599998 -0.17238252 -0.11013328 9.91917801
11.82299995 0.33758244 -0.03351882 9.84256363
11.82999992 -0.00239420 -0.22505496 9.83298683
11.83699989 0.04548983 0.15322891 9.56004715
11.84300041 0.43574470 -0.64882869 10.67813969
11.85000038 -0.21308395 -0.03591302 9.04050541
11.85700035 0.11492168 -0.26336220 10.24000072
11.86400032 0.62728083 -0.35434186 10.16099167
11.87100029 0.14125790 -0.05027824 9.78031349
11.87800026 0.80205756 -0.49320555 10.34295177
11.88500023 -0.17238252 -0.23223756 9.33499241
11.89200020 0.28969839 -0.13407530 10.00297451
11.89799976 0.01436521 -0.48123455 9.96945572
11.90499973 0.36870706 0.09816227 9.39963627
11.91199970 -0.06943185 -0.48362875 10.40759468
11.91899967 0.24181437 0.15083471 9.77313137
11.92599964 0.44532153 -0.48123455 10.19929886
11.93299961 0.20590134 -0.10534488 9.60314274
11.93900013 0.22984336 -0.25857377 10.04367638
11.94600010 0.26336220 -0.45489833 10.03888798
11.95300007 0.23463176 -0.07661445 9.71806431
11.96000004 0.01197101 -0.50996494 10.35731697
11.96700001 0.16041151 0.21547815 9.50498104
11.97299957 -0.26575640 -0.24420857 9.96706200
11.97999954 1.10133278 -0.50278234 10.35252857
11.98700047 -0.13886370 -0.22984336 9.67018032
11.99400043 0.81402856 -0.34476504 10.34774017
12.00100040 -0.12928689 -0.17238252 9.57441235
12.00800037 0.18435353 -0.10534488 10.22324085
12.01500034 -0.03112462 -0.19153613 9.74200630
12.02200031 0.12449849 0.00718261 9.63666153
12.02799988 0.32321724 -0.58179098 10.54406452
12.03499985 0.06703765 0.16519992 9.13387966
12.04199982 -0.22266077 -0.24899697 10.14902115
12.04899979 0.67516488 -0.24181437 9.73721790
12.05599976 -0.11252748 0.10295067 9.57441235
12.06299973 0.69431847 -0.45250413 10.33816338
12.06900024 -0.54108959 0.07422026 9.66299820
12.07600021 0.72783732 -0.42377371 10.02691650
12.08300018 -0.32321724 -0.00957681 9.40681839
12.09000015 0.45729253 -0.23223756 10.06522369
12.09700012 0.93852705 -0.64164603 10.44111347
12.10400009 0.01197101 0.04070143 9.64384460
12.10999966 0.44771573 -0.19393034 10.16817474
12.11699963 -0.29448682 -0.03591302 9.16021538
12.12399960 0.64404029 -0.33518824 10.41956615
12.13099957 0.42856210 -0.37349546 10.18253994
12.13799953 0.35913026 -0.13646950 9.62708473
12.14500046 0.16280572 -0.21787235 10.40280628
12.15200043 0.26815060 -0.20590134 9.35414600
12.15900040 0.10295067 -0.15322891 10.34295177
12.16499996 0.28490999 -0.38307226 9.54568195
12.17199993 -0.16998832 0.22744916 9.78270817
12.17899990 0.57221419 -0.73980832 10.44829655
12.18599987 -0.05506664 0.26575640 9.66060352
12.19299984 0.36631286 -0.48602295 10.24239445
12.19999981 -0.05267244 -0.06464344 9.76834297
12.20600033 0.22505496 -0.15562311 9.74200630
12.21300030 0.09097967 -0.33518824 10.19929886
12.22000027 0.27533320 0.20829555 9.29668522
12.22700024 -0.11252748 -0.45010993 10.22084713
12.23400021 0.41180268 0.00478840 9.69412231
12.23999977 -0.21308395 -0.21787235 9.79707336
12.24699974 0.89782566 -0.67516488 10.52251625
12.25399971 -0.26815060 -0.07900865 9.87129402
12.26099968 -0.06464344 -0.00239420 10.06761837
12.26799965 -0.04070143 -0.05267244 9.84974575
12.27499962 0.06943185 0.05506664 9.75876617
12.28100014 0.77093297 -0.53390700 10.27351952
12.28800011 -0.07182605 -0.07422026 9.93114853
12.29500008 0.88106620 -0.49320555 10.12986755
12.30200005 -0.27772740 -0.11492168 9.25119495
12.30900002 0.22744916 -0.10534488 10.40280628
12.31599998 0.23702596 -0.41659111 9.94312000
12.32299995 0.18195933 -0.00478840 9.80425549
12.32900047 0.64643449 -0.71107793 10.47702694
12.33600044 -0.16759412 0.10773908 9.32781029
12.34300041 0.12689269 -0.24181437 10.44590187
12.35000038 0.30166942 -0.29448682 9.85453415
12.35700035 0.04548983 -0.11252748 9.59835434
12.36299992 0.84994161 -0.56742579 10.50575733
12.36999989 -0.31603462 0.10534488 9.79228497
12.37699986 0.79248077 -0.50757074 10.31422138
12.38399982 -0.13407530 -0.07661445 9.86171722
12.39099979 0.48123455 -0.03591302 9.31823349
12.39799976 -0.08619126 -0.47644615 10.11789608
12.40499973 0.43095630 0.05746084 9.81622696
12.41100025 0.01915361 -0.32800564 10.52012253
12.41800022 0.32082301 -0.08619126 9.23922443
12.42500019 0.23223756 0.01197101 10.23760605
12.43200016 0.37349546 -0.73741412 9.67736340
12.43799973 0.20350714 0.17717093 10.05325317
12.44499969 0.35913026 -0.48841715 10.04367638
12.45199966 0.17238252 -0.02394202 9.79946709
12.45899963 -0.22744916 0.07422026 10.01733971
12.46599960 0.82360536 -0.62488663 10.10592556
12.47299957 -0.23223756 0.07900865 9.72524738
12.47999954 0.85951841 -0.62249243 10.54406452
12.48700047 -0.04309563 0.19153613 9.35893440
12.49300003 0.22984336 -0.43095630 10.08198357
12.50000000 0.12689269 -0.01197101 9.90241814
12.50699997 0.07900865 -0.29209262 9.71567059
12.51399994 0.43813890 -0.32321724 10.42195988
12.52099991 -0.13168110 -0.19632454 9.21049404
12.52700043 -0.14604631 -0.15562311 10.41956615
12.53499985 0.28490999 -0.17477672 9.39724159
12.54100037 -0.32082301 0.17477672 9.73003578
12.54800034 1.24498487 -0.78050977 10.14423275
12.55500031 -0.27293900 -0.17477672 9.95269680
12.56200027 1.11090958 -0.24181437 10.47942066
12.56900024 -0.53390700 -0.22984336 9.24640656
12.57600021 0.18914193 0.11731588 9.94312000
12.58199978 0.53869539 -0.58897364 10.25675964
12.58899975 0.24660277 0.23223756 9.65820980
12.59599972 0.21308395 -0.44771573 10.66377449
12.60299969 0.06224924 0.11013328 9.48103905
12.60999966 0.62488663 -0.42377371 10.35492229
12.61699963 -0.05985504 -0.24181437 9.79707336
12.62300014 0.32561144 -0.05027824 9.60074902
12.63000011 0.24660277 -0.51714754 10.36928749
12.63700008 0.22744916 -0.01197101 9.67257500
12.64400005 0.34237084 -0.42616791 10.32858658
12.65100002 -0.06943185 -0.01675941 9.55525875
12.65799999 -0.07182605 -0.09816227 9.87368774
12.66399956 0.33039984 -0.31124622 10.27351952
12.67099953 0.06464344 0.05027824 9.72764111
12.67800045 0.68953007 -0.53151280 10.33098030
12.68500042 0.06224924 -0.07182605 9.46906757