3.870000 0.000279 -0.003212 0.002095
3.877000 0.001047 -0.011899 0.008550
3.883000 0.001545 -0.020593 0.015879
3.889000 0.001150 -0.024870 0.019183
3.896000 0.000718 -0.025701 0.018542
3.902000 0.001202 -0.024879 0.016744
3.908000 0.002100 -0.024178 0.015714
3.915000 0.002500 -0.024436 0.015712
3.921000 0.002415 -0.024959 0.016271
3.928000 0.002103 -0.025001 0.016828
3.934000 0.001614 -0.024890 0.016954
3.940000 0.001332 -0.024935 0.016616
3.947000 0.001674 -0.024999 0.016330
3.953000 0.002286 -0.025035 0.016487
3.960000 0.002650 -0.024904 0.016682
3.966000 0.002756 -0.024797 0.016506
3.973000 0.002457 -0.025032 0.016461
3.979000 0.001785 -0.025097 0.016755
3.985000 0.001365 -0.024662 0.016986
3.992000 0.001093 -0.024180 0.017080
3.998000 0.000865 -0.024078 0.016947
4.005000 0.001048 -0.024272 0.016682
4.011000 0.001386 -0.024445 0.016521
4.017000 0.002008 -0.024521 0.016472
4.024000 0.002381 -0.024671 0.016479
4.030000 0.001793 -0.024902 0.016778
4.036000 0.001251 -0.025174 0.017557
4.043000 0.001704 -0.025453 0.018059
4.049000 0.002889 -0.025449 0.017524
4.056000 0.003931 -0.025230 0.016708
4.062000 0.003550 -0.024788 0.016383
4.069000 0.002003 -0.024378 0.016362
4.075000 0.001230 -0.024750 0.016714
4.081000 0.001352 -0.025559 0.017262
4.088000 0.001794 -0.025503 0.017577
4.094000 0.002370 -0.024823 0.017662
4.101000 0.002820 -0.024469 0.017641
4.107000 0.003279 -0.024529 0.017601
4.113000 0.002802 -0.024531 0.017019
4.120000 0.002041 -0.024376 0.015896
4.126000 0.002020 -0.024679 0.015355
4.133000 0.002212 -0.025366 0.015814
4.139000 0.002501 -0.025798 0.016445
4.146000 0.001408 -0.025654 0.016791
4.152000 0.000512 -0.025290 0.017716
4.159000 0.001256 -0.025056 0.018873
4.165000 0.001778 -0.025260 0.018787
4.172000 0.002524 -0.025476 0.017291
4.178000 0.003917 -0.025303 0.015637
4.185000 0.004756 -0.025394 0.015506
4.191000 0.003887 -0.025509 0.016556
4.197000 0.002031 -0.025012 0.016958
4.204000 0.001159 -0.024469 0.015996
4.210000 0.001850 -0.024338 0.014747
4.216000 0.001906 -0.024248 0.014774
4.223000 0.000922 -0.024636 0.016112
4.229000 0.000589 -0.025229 0.017244
4.236000 0.000190 -0.025288 0.016749
4.242000 0.000540 -0.024752 0.015093
4.249000 0.001190 -0.024055 0.014269
4.255000 0.000883 -0.024099 0.016059
4.262000 0.001314 -0.024462 0.019018
4.268000 0.002278 -0.025000 0.019626
4.274000 0.002882 -0.025164 0.017041
4.281000 0.003211 -0.025140 0.014104
4.287000 0.002874 -0.025078 0.013450
4.293000 0.001973 -0.024898 0.014598
4.300000 0.002369 -0.025758 0.016054
4.306000 0.003329 -0.026450 0.016131
4.313000 0.002683 -0.025337 0.014955
4.319000 0.002217 -0.024037 0.015032
4.326000 0.003442 -0.024625 0.016388
4.332000 0.003786 -0.025698 0.016403
4.339000 0.001056 -0.024943 0.014369
4.345000 -0.001079 -0.023109 0.013542
4.351000 0.001140 -0.022921 0.015712
4.358000 0.004219 -0.024816 0.017421
4.364000 0.003822 -0.026703 0.016571
4.371000 0.001849 -0.027319 0.015471
4.377000 0.002996 -0.027126 0.015577
4.383000 0.005787 -0.027792 0.016655
4.390000 0.005328 -0.028622 0.017571
4.396000 0.002548 -0.028083 0.016846
4.403000 0.000595 -0.025499 0.015635
4.409000 -0.000249 -0.023295 0.015905
4.416000 -0.000069 -0.024724 0.016715
4.422000 0.002251 -0.026951 0.015991
4.429000 0.005194 -0.026552 0.014531
4.435000 0.005925 -0.024111 0.014194
4.441000 0.005391 -0.023930 0.015597
4.448000 0.003955 -0.025437 0.016878
4.454000 0.000373 -0.024938 0.016755
4.460000 0.000180 -0.023595 0.016315
4.467000 0.005061 -0.024403 0.015460
4.473000 0.010020 -0.025931 0.014382
4.480000 0.008490 -0.025178 0.013949
4.486000 0.005297 -0.023361 0.015175
4.493000 0.007236 -0.022766 0.017466
4.499000 0.005087 -0.023374 0.017729
4.506000 0.000996 -0.023572 0.016045
4.512000 -0.001199 -0.023554 0.015412
4.519000 -0.001167 -0.024325 0.016794
4.525000 0.000431 -0.025884 0.018000
4.532000 -0.000477 -0.025444 0.017687
4.538000 -0.000893 -0.023153 0.017684
4.544000 0.000440 -0.023795 0.018325
4.551000 0.001270 -0.025318 0.018107
4.557000 -0.000566 -0.024606 0.017351
4.564000 -0.000490 -0.024776 0.017263
4.570000 0.003000 -0.025097 0.017683
4.577000 0.001818 -0.023336 0.018161
4.583000 -0.000993 -0.022769 0.018124
4.590000 0.002114 -0.023663 0.017408
4.596000 0.003388 -0.023228 0.016883
4.603000 -0.001115 -0.023359 0.016126
4.609000 -0.001197 -0.022736 0.014865
4.615000 0.001503 -0.020699 0.014687
4.622000 -0.000226 -0.021719 0.016154
4.628000 -0.001416 -0.023316 0.017300
4.635000 -0.000299 -0.023255 0.016779
4.641000 0.000860 -0.024311 0.016218
4.648000 -0.000951 -0.025117 0.015521
4.654000 -0.002203 -0.023756 0.014454
4.661000 0.002104 -0.023078 0.015382
4.667000 0.003430 -0.023640 0.016926
4.674000 -0.000103 -0.024105 0.016710
4.680000 0.002621 -0.024998 0.016687
4.687000 0.006876 -0.025539 0.017985
4.693000 0.002194 -0.026259 0.018264
4.700000 0.002283 -0.026232 0.017142
4.706000 0.006277 -0.025456 0.016506
4.713000 0.001978 -0.027677 0.016755
4.719000 -0.000509 -0.028851 0.016555
4.726000 0.000757 -0.025213 0.015640
4.732000 -0.000133 -0.024129 0.016546
4.738000 -0.001842 -0.024448 0.017752
4.745000 -0.000224 -0.021211 0.015614
4.751000 0.003407 -0.022334 0.013408
4.758000 0.003446 -0.026849 0.012480
4.764000 0.004164 -0.026288 0.009733
4.771000 0.006365 -0.024500 0.009328
4.777000 0.004744 -0.024852 0.012566
4.784000 0.004329 -0.024345 0.013422
4.790000 0.004739 -0.022892 0.013320
4.797000 -0.000428 -0.023340 0.014687
4.803000 -0.002727 -0.024630 0.016155
4.810000 0.001429 -0.024075 0.017580
4.816000 0.003347 -0.026103 0.017547
4.823000 0.002533 -0.027910 0.015319
4.829000 0.002659 -0.024100 0.012964
4.835000 0.003114 -0.024670 0.014043
4.842000 0.002164 -0.027111 0.015213
4.848000 0.001888 -0.024032 0.010765
4.854000 0.003616 -0.024837 0.007680
4.860000 0.003168 -0.027254 0.009377
4.867000 0.002222 -0.025910 0.008273
4.873000 0.003733 -0.025922 0.008103
4.880000 0.002186 -0.026018 0.011908
4.886000 0.001736 -0.024690 0.011587
4.893000 0.005731 -0.025207 0.011010
4.899000 0.005489 -0.027073 0.013319
4.906000 0.002265 -0.025952 0.013527
4.912000 0.000060 -0.023071 0.014450
4.918000 -0.000991 -0.023874 0.015783
4.925000 0.000081 -0.025399 0.015131
4.931000 0.003403 -0.025902 0.014979
4.937000 0.005595 -0.026980 0.016021
4.944000 0.002280 -0.025834 0.016981
4.950000 0.002975 -0.026080 0.017694
4.957000 0.007610 -0.027414 0.018106
4.963000 0.004601 -0.026110 0.016265
4.970000 0.003185 -0.025889 0.014915
4.976000 0.000291 -0.024403 0.015944
4.983000 -0.005956 -0.023491 0.013728
4.989000 -0.000064 -0.025588 0.011512
4.996000 0.004646 -0.026846 0.013810
5.002000 0.002514 -0.027774 0.016132
5.009000 0.004247 -0.024634 0.018220
5.015000 0.000815 -0.025106 0.019289
5.022000 -0.002921 -0.029666 0.018403
5.028000 0.006393 -0.025126 0.015215
5.034000 0.009346 -0.025238 0.012094
5.041000 0.004551 -0.028793 0.011746
5.047000 0.005747 -0.023041 0.006050
5.054000 -0.002807 -0.020984 0.001047
5.061000 -0.006876 -0.022967 0.002488
5.067000 0.002187 -0.023753 0.002693
5.074000 0.002669 -0.026873 0.005107
5.080000 0.003775 -0.027875 0.008812
5.087000 0.004889 -0.024703 0.012881
5.093000 -0.001561 -0.027644 0.017708
5.100000 0.000714 -0.031545 0.018814
5.106000 0.006825 -0.028215 0.018326
5.113000 -0.001934 -0.032902 0.017242
5.119000 -0.005818 -0.030750 0.013771
5.126000 0.002181 -0.018507 0.008956
5.132000 -0.007818 -0.028374 0.007837
5.139000 -0.008815 -0.035872 0.006076
5.145000 0.009084 -0.026363 0.002690
5.152000 0.010589 -0.020424 0.003989
5.158000 0.011591 -0.011309 -0.000683
5.165000 0.009556 -0.010159 -0.004948
5.171000 0.001896 -0.018764 0.000257
5.178000 0.002587 -0.022020 0.004891
5.184000 0.001279 -0.025185 0.008336
5.191000 0.004023 -0.022895 0.008394
5.197000 0.006571 -0.019203 0.009315
5.204000 0.003260 -0.022513 0.013759
5.210000 0.000230 -0.022362 0.015714
5.217000 0.000262 -0.022604 0.017921
5.223000 0.001390 -0.025481 0.020437
5.230000 0.002784 -0.025331 0.020320
5.236000 0.007430 -0.027229 0.019548
5.243000 0.003541 -0.027153 0.018164
5.249000 0.001184 -0.024624 0.017061
5.256000 0.004111 -0.024709 0.018148
5.262000 0.000378 -0.025182 0.016189
5.269000 0.002655 -0.027188 0.014428
5.275000 0.004117 -0.028141 0.015042
5.282000 -0.000158 -0.025933 0.013465
5.288000 -0.000820 -0.023603 0.014774
5.295000 -0.003363 -0.021624 0.017577
5.301000 -0.003409 -0.019801 0.018759
5.307000 0.001718 -0.021490 0.018880
5.314000 0.001375 -0.025624 0.017531
5.320000 0.002795 -0.027278 0.016769
5.327000 0.007163 -0.026691 0.016008
5.333000 0.001802 -0.024964 0.015366
5.340000 0.002191 -0.022994 0.014116
5.346000 0.003382 -0.022550 0.013915
5.353000 -0.000302 -0.025128 0.015362
5.359000 0.005837 -0.026758 0.014543
5.366000 0.001374 -0.030906 0.012838
5.372000 -0.005030 -0.033146 0.012765
5.379000 -0.000225 -0.021680 0.014709
5.385000 -0.006620 -0.020737 0.016743
5.392000 -0.008381 -0.026365 0.017594
5.398000 0.003775 -0.019517 0.018236
5.405000 0.002311 -0.026552 0.017506
5.411000 0.000282 -0.036050 0.013853
5.418000 0.006844 -0.030624 0.012298
5.424000 0.006019 -0.023562 0.014782
5.430000 0.010738 -0.012495 0.012734
5.437000 0.005274 -0.014522 0.010806
5.443000 -0.007359 -0.026871 0.012994
5.450000 0.001302 -0.021448 0.012362
5.456000 0.002697 -0.024925 0.011433
5.463000 -0.002667 -0.034867 0.010771
5.469000 0.004115 -0.023199 0.014020
5.476000 0.002267 -0.020147 0.018725
5.482000 -0.001520 -0.025650 0.017588
5.489000 0.000341 -0.029059 0.016714
5.495000 -0.001147 -0.030809 0.015253
5.502000 0.005893 -0.022251 0.014677
5.508000 0.010026 -0.020124 0.017019
5.515000 0.009524 -0.019606 0.017111
5.521000 0.011376 -0.017563 0.017799
5.528000 0.002842 -0.020087 0.018149
5.534000 -0.001949 -0.020714 0.017525
5.541000 -0.002231 -0.022871 0.018779
5.547000 -0.003093 -0.024313 0.018211
5.554000 0.001926 -0.025363 0.016606
5.560000 0.004377 -0.027152 0.015142
5.566000 0.006520 -0.025131 0.014065
5.573000 0.007734 -0.024391 0.015753
5.579000 0.003031 -0.024666 0.016052
5.586000 0.000999 -0.023118 0.014698
5.592000 0.001598 -0.024400 0.014303
5.599000 -0.002010 -0.024103 0.013119
5.605000 -0.001659 -0.023254 0.013878
5.612000 0.002659 -0.023537 0.015745
5.618000 0.003836 -0.024539 0.016376
5.625000 0.010385 -0.027585 0.018015
5.631000 0.008118 -0.029730 0.018232
5.637000 -0.000946 -0.032180 0.017808
5.644000 0.001831 -0.027005 0.017292
5.650000 -0.002004 -0.030568 0.016323
5.657000 -0.005768 -0.041345 0.016158
5.663000 0.002936 -0.029859 0.012947
5.670000 0.008933 -0.017498 0.008775
5.676000 0.014261 -0.015292 0.005132
5.683000 0.007394 -0.020917 0.003963
5.689000 -0.003660 -0.028797 0.007572
5.696000 0.000278 -0.023103 0.011427
5.702000 -0.002287 -0.020610 0.015701
5.709000 -0.001786 -0.024905 0.017849
5.715000 -0.001411 -0.028376 0.017313
5.722000 -0.005737 -0.030920 0.014792
5.728000 0.000284 -0.025872 0.010678
5.735000 -0.002416 -0.027270 0.010941
5.741000 -0.001744 -0.029970 0.014772
5.747000 0.006895 -0.018479 0.020498
5.754000 -0.001771 -0.024096 0.026251
5.760000 -0.007112 -0.033100 0.025782
5.767000 0.003683 -0.020986 0.021072
5.773000 0.008322 -0.013666 0.018376
5.780000 0.006617 -0.012886 0.014290
5.786000 -0.005278 -0.024631 0.012108
5.793000 -0.011754 -0.034324 0.012148
5.799000 0.001446 -0.025945 0.010816
5.806000 0.004700 -0.020254 0.013580
5.812000 0.008987 -0.015485 0.013077
5.819000 0.013681 -0.015144 0.011249
5.825000 0.010717 -0.018701 0.010020
5.832000 0.012390 -0.019080 0.007922
5.838000 0.005650 -0.023004 0.010319
5.845000 0.000992 -0.023181 0.011985
5.851000 0.001578 -0.024620 0.015929
5.858000 -0.001883 -0.028860 0.019822
5.864000 -0.001838 -0.026192 0.019844
5.871000 -0.000303 -0.023741 0.020616
5.877000 -0.000425 -0.019143 0.022165
5.883000 0.002558 -0.017349 0.025069
5.890000 -0.000346 -0.019913 0.025841
5.896000 -0.002631 -0.020503 0.023253
5.903000 0.002456 -0.023319 0.021807
5.909000 -0.001637 -0.024426 0.019195
5.916000 -0.002731 -0.024627 0.016797
5.922000 -0.003412 -0.024336 0.018090
5.929000 -0.005858 -0.023226 0.017474
5.935000 -0.000798 -0.022336 0.017081
5.942000 -0.001377 -0.023229 0.017793
5.948000 0.001702 -0.024558 0.018153
5.954000 0.006815 -0.023912 0.020323
5.961000 0.000722 -0.025163 0.022546
5.967000 0.000501 -0.025156 0.023059
5.974000 0.002133 -0.026906 0.021301
5.980000 0.001040 -0.030032 0.018451
5.987000 0.008018 -0.027703 0.012747
5.994000 0.004595 -0.026786 0.009119
6.000000 0.006840 -0.025338 0.008516
6.006000 0.013082 -0.022410 0.008355
6.013000 0.000798 -0.033603 0.009935
6.020000 -0.000590 -0.036765 0.008647
6.026000 0.004090 -0.026166 0.011722
6.032000 0.001543 -0.022967 0.019121
6.039000 0.004929 -0.010191 0.022700
6.045000 0.004942 -0.012961 0.024619
6.052000 -0.000859 -0.030242 0.023264
6.058000 0.002063 -0.027187 0.021449
6.064000 0.002614 -0.023410 0.020600
6.071000 0.007120 -0.020440 0.017247
6.077000 0.012713 -0.017292 0.013575
6.084000 0.008965 -0.016864 0.009506
6.090000 0.011204 -0.017400 0.008721
6.097000 0.005379 -0.022807 0.012313
6.103000 0.006000 -0.022374 0.013538
6.110000 0.010006 -0.025606 0.014732
6.116000 0.001799 -0.031633 0.016270
6.122000 0.002253 -0.022829 0.016396
6.129000 -0.001040 -0.023405 0.016212
6.135000 -0.005022 -0.031818 0.014783
6.142000 0.001695 -0.031667 0.016418
6.148000 0.001936 -0.028846 0.018867
6.155000 0.004897 -0.019375 0.019276
6.161000 0.011375 -0.013200 0.019893
6.168000 0.006335 -0.012418 0.016891
6.174000 0.003177 -0.015190 0.012663
6.181000 -0.003818 -0.019012 0.010597
6.187000 -0.007211 -0.018881 0.010483
6.194000 0.000535 -0.017882 0.012357
6.200000 -0.002525 -0.025830 0.014906
6.206000 -0.000218 -0.035118 0.017280
6.213000 0.007507 -0.028028 0.016406
6.219000 0.003299 -0.022154 0.013989
6.226000 0.004613 -0.019970 0.010324
6.232000 0.004926 -0.020634 0.007404
6.239000 0.001310 -0.026055 0.008592
6.245000 0.003550 -0.023224 0.011113
6.252000 -0.002870 -0.020190 0.013653
6.258000 -0.005068 -0.019111 0.013888
6.265000 -0.006500 -0.020806 0.013792
6.271000 -0.007252 -0.025579 0.014773
6.278000 0.001095 -0.024498 0.016371
6.284000 -0.001537 -0.027976 0.018556
6.291000 0.003581 -0.030173 0.020034
6.297000 0.012034 -0.024864 0.021941
6.304000 0.003555 -0.034401 0.023384
6.310000 0.001617 -0.038230 0.021011
6.316000 0.008063 -0.029559 0.017028
6.323000 0.009779 -0.025663 0.013717
6.329000 0.012380 -0.021619 0.008975
6.336000 0.005199 -0.028175 0.007586
6.342000 0.003451 -0.028731 0.006861
6.349000 0.013735 -0.019960 0.008652
6.356000 0.011845 -0.017440 0.014937
6.362000 0.005957 -0.017105 0.017893
6.369000 -0.007708 -0.020474 0.020347
6.375000 -0.013810 -0.020849 0.019144
6.381000 -0.008927 -0.020073 0.018832
6.388000 -0.008223 -0.020648 0.020743
6.395000 -0.004418 -0.020870 0.020161
6.401000 -0.000925 -0.023393 0.020743
6.408000 0.002326 -0.023125 0.019799
6.414000 0.004505 -0.022656 0.019355
6.421000 -0.000616 -0.023775 0.019000
6.427000 -0.004341 -0.023902 0.018297
6.433000 -0.000704 -0.025647 0.019823
6.440000 0.000236 -0.026220 0.021155
6.446000 0.006932 -0.027150 0.021317
6.453000 0.008751 -0.027271 0.020517
6.459000 0.007729 -0.025991 0.015964
6.466000 0.010940 -0.026677 0.011241
6.472000 0.002445 -0.028516 0.009926
6.479000 -0.001149 -0.028866 0.009949
6.485000 -0.003760 -0.027790 0.012559
6.492000 -0.007945 -0.027727 0.015342
6.498000 0.000249 -0.020013 0.017691
6.505000 0.001930 -0.020686 0.019667
6.511000 -0.002535 -0.028456 0.017433
6.517000 0.006098 -0.018302 0.010057
6.524000 0.010558 -0.011247 0.007523
6.530000 0.012939 -0.015160 0.011268
6.537000 0.011690 -0.023079 0.012523
6.544000 0.004940 -0.029891 0.012163
6.550000 0.009590 -0.023332 0.010295
6.557000 0.003732 -0.026769 0.011650
6.563000 0.003253 -0.032939 0.009680
6.570000 0.013986 -0.021395 0.003369
6.576000 0.009853 -0.018624 0.003236
6.583000 0.006493 -0.016762 0.007229
6.589000 0.006503 -0.020314 0.018212
6.595000 0.003235 -0.032275 0.028829
6.602000 0.008470 -0.028521 0.031545
6.608000 0.006850 -0.027905 0.029568
6.615000 -0.000396 -0.032097 0.023998
6.621000 0.002029 -0.033445 0.019813
6.628000 0.004139 -0.033171 0.017920
6.634000 0.011202 -0.030924 0.018063
6.641000 0.011300 -0.029877 0.019523
6.647000 0.010568 -0.026354 0.018341
6.654000 0.012229 -0.024004 0.016920
6.660000 0.004871 -0.022927 0.014364
6.667000 0.003805 -0.023040 0.011722
6.673000 0.003196 -0.024815 0.012118
6.680000 0.002890 -0.024575 0.012714
6.686000 0.005900 -0.025029 0.014170
6.693000 0.003486 -0.025435 0.015934
6.699000 0.003375 -0.023938 0.016996
6.706000 0.004368 -0.022848 0.017590
6.712000 -0.001842 -0.021463 0.018303
6.719000 -0.002706 -0.021702 0.018396
6.725000 -0.005712 -0.023514 0.016735
6.732000 -0.005071 -0.023966 0.014629
6.738000 0.004746 -0.021437 0.012669
6.745000 -0.001914 -0.029059 0.012475
6.751000 -0.002025 -0.035587 0.014120
6.758000 0.008364 -0.023729 0.017358
6.764000 0.008761 -0.025236 0.020589
6.771000 0.009582 -0.029311 0.019191
6.777000 0.006456 -0.027898 0.016008
6.783000 0.000544 -0.031179 0.012194
6.790000 0.003956 -0.022006 0.008113
6.796000 0.005743 -0.015231 0.007356
6.803000 0.009503 -0.013081 0.007063
6.809000 0.010570 -0.017367 0.008726
6.816000 0.004899 -0.024929 0.011167
6.822000 0.005674 -0.021735 0.012400
6.829000 -0.003655 -0.022875 0.014612
6.835000 -0.007909 -0.025854 0.015792
6.842000 -0.005618 -0.027352 0.016909
6.848000 -0.007076 -0.027661 0.017424
6.855000 -0.000270 -0.020083 0.018482
6.861000 -0.001768 -0.023270 0.020670
6.868000 -0.004041 -0.031068 0.020202
6.874000 0.001370 -0.031423 0.019815
6.880000 -0.000809 -0.028308 0.019095
6.887000 0.002933 -0.014850 0.016147
6.893000 0.009117 -0.012476 0.015396
6.900000 0.005880 -0.022606 0.015078
6.906000 0.009596 -0.029709 0.016302
6.913000 0.010184 -0.032543 0.017583
6.919000 0.009193 -0.029236 0.012901
6.926000 0.012063 -0.025713 0.010168
6.932000 0.006518 -0.023281 0.010516
6.938000 0.002568 -0.023677 0.012638
6.945000 -0.003066 -0.024217 0.016923
6.951000 -0.007461 -0.021720 0.019829
6.958000 0.000842 -0.013420 0.021813
6.964000 0.003499 -0.015017 0.022366
6.971000 0.002527 -0.026012 0.020843
6.977000 0.005825 -0.024023 0.016481
6.984000 0.003948 -0.019402 0.015589
6.990000 0.010305 -0.016489 0.015551
6.996000 0.010681 -0.020177 0.012832
7.003000 0.005881 -0.026521 0.011228
7.009000 0.010987 -0.020625 0.009512
7.016000 0.006894 -0.017421 0.009783
7.023000 0.009707 -0.016351 0.009754
7.029000 0.010829 -0.018379 0.010916
7.036000 0.005036 -0.027169 0.011792
7.042000 0.006824 -0.024252 0.011992
7.049000 0.000101 -0.030153 0.017489
7.055000 -0.004715 -0.040527 0.022244
7.061000 0.001335 -0.031874 0.022627
7.068000 0.003958 -0.025373 0.021619
7.074000 0.004831 -0.024123 0.017689
7.081000 -0.000817 -0.037110 0.012650
7.087000 -0.006116 -0.048278 0.010370
7.094000 0.004727 -0.031168 0.012551
7.100000 0.006457 -0.012818 0.018295
7.107000 0.006474 -0.009481 0.017945
7.113000 0.007972 -0.019382 0.015283
7.120000 0.005875 -0.027555 0.013806
7.126000 0.009346 -0.027620 0.013705
7.133000 0.002736 -0.029633 0.016407
7.139000 -0.000917 -0.028467 0.013566
7.146000 0.000106 -0.026768 0.012661
7.152000 0.000329 -0.024419 0.014574
7.159000 0.003010 -0.021308 0.017088
7.165000 -0.000073 -0.021996 0.020264
7.172000 -0.003667 -0.019307 0.019579
7.178000 -0.002583 -0.018506 0.019879
7.184000 -0.006520 -0.020454 0.019591
7.191000 -0.006686 -0.022129 0.018457
7.198000 -0.002247 -0.023689 0.017407
7.204000 -0.000978 -0.022724 0.015115
7.211000 0.008260 -0.023254 0.014665
7.217000 0.007700 -0.027823 0.015092
7.223000 0.009096 -0.031794 0.013718
7.230000 0.014482 -0.028212 0.013552
7.236000 0.002767 -0.030040 0.016456
7.243000 -0.000756 -0.031543 0.021605
7.249000 0.001894 -0.027701 0.025782
7.256000 0.002600 -0.027910 0.023734
7.262000 0.011344 -0.018358 0.017573
7.269000 0.007357 -0.016605 0.013663
7.275000 -0.002335 -0.026833 0.010601
7.282000 0.000022 -0.028534 0.007141
7.288000 0.001630 -0.027999 0.008041
7.294000 0.010291 -0.023645 0.009655
7.301000 0.011023 -0.023328 0.009082
7.307000 0.007536 -0.027488 0.006118
7.314000 0.009897 -0.024959 0.003779
7.321000 -0.001214 -0.035064 0.007864
7.327000 -0.003044 -0.041493 0.012813
7.333000 0.005177 -0.029723 0.017496
7.340000 0.005817 -0.018613 0.016858
7.346000 0.007270 -0.008900 0.010218
7.353000 0.003853 -0.016393 0.008359
7.359000 0.000064 -0.024361 0.005983
7.366000 0.002491 -0.023810 0.004852
7.372000 -0.003881 -0.027514 0.007726
7.379000 -0.005675 -0.021216 0.011719
7.385000 -0.006679 -0.015359 0.017833
7.392000 -0.007919 -0.015346 0.020201
7.398000 -0.000193 -0.018189 0.022682
7.405000 0.000335 -0.022831 0.024590
7.411000 0.001560 -0.025250 0.023387
7.418000 0.002332 -0.027192 0.022666
7.424000 0.003414 -0.025611 0.019103
7.431000 0.005550 -0.024040 0.016494
7.437000 0.000567 -0.023994 0.017050
7.444000 -0.001506 -0.023130 0.017897
7.450000 0.001513 -0.025290 0.018239
7.457000 0.002938 -0.026302 0.017566
7.463000 0.007372 -0.027868 0.018506
7.469000 0.006808 -0.030299 0.019392
7.476000 0.005458 -0.029457 0.017564
7.482000 0.008932 -0.027746 0.016514
7.489000 0.001004 -0.027673 0.015669
7.495000 0.001671 -0.029482 0.016858
7.502000 0.006842 -0.027781 0.019793
7.508000 0.003824 -0.030905 0.019709
7.515000 0.007561 -0.031330 0.020523
7.521000 0.005870 -0.028144 0.020457
7.528000 -0.000462 -0.028159 0.014599
7.534000 0.000850 -0.020798 0.004650
7.540000 0.001599 -0.018502 0.000341
7.547000 0.007948 -0.016833 0.003598
7.553000 0.010955 -0.017327 0.008324
7.560000 0.005749 -0.024157 0.014044
7.566000 0.004948 -0.024800 0.017873
7.573000 -0.008200 -0.033338 0.023508
7.579000 -0.012507 -0.038011 0.023887
7.586000 -0.007818 -0.028706 0.016491
7.592000 -0.008448 -0.019499 0.007924
7.599000 0.000420 -0.008862 -0.000100
7.605000 0.002195 -0.013888 0.003076
7.612000 0.003342 -0.023755 0.010986
7.618000 0.008327 -0.023620 0.018272
7.625000 0.001825 -0.029911 0.025756
7.631000 0.000774 -0.024876 0.028393
7.637000 0.004272 -0.016465 0.027628
7.644000 -0.001625 -0.014479 0.023685
7.650000 -0.003635 -0.011513 0.020805
7.657000 -0.009818 -0.015282 0.019445
7.663000 -0.012497 -0.018210 0.015861
7.670000 -0.008768 -0.021468 0.014947
7.676000 -0.005529 -0.022968 0.015100
7.683000 0.001604 -0.024180 0.014904
7.689000 0.000330 -0.026634 0.015834
7.696000 0.003442 -0.024647 0.014766
7.702000 0.008070 -0.024588 0.015251
7.709000 0.006215 -0.024387 0.014089
7.715000 0.003568 -0.023414 0.012948
7.721000 -0.001258 -0.024418 0.016043
7.728000 -0.002052 -0.023338 0.017410
7.734000 0.002439 -0.024073 0.017172
7.740000 0.000567 -0.026034 0.015085
7.747000 0.000179 -0.026462 0.012891
7.753000 0.004030 -0.025969 0.011958
7.760000 -0.001086 -0.023948 0.012137
7.766000 -0.002328 -0.023269 0.013223
7.773000 -0.010384 -0.025965 0.013288
7.779000 -0.016070 -0.027607 0.014438
7.786000 -0.006816 -0.017347 0.015978
7.792000 -0.007706 -0.017747 0.016398
7.799000 -0.005024 -0.027683 0.016851
7.805000 0.003787 -0.023132 0.018891
7.812000 0.003222 -0.023170 0.020852
7.818000 0.004730 -0.022342 0.018411
7.824000 0.003498 -0.023249 0.014516
7.831000 -0.000348 -0.030158 0.011709
7.837000 0.001860 -0.025860 0.010531
7.844000 -0.002844 -0.020905 0.010274
7.850000 -0.004588 -0.018230 0.009006
7.857000 -0.008942 -0.023444 0.010921
7.863000 -0.009907 -0.030306 0.014374
7.870000 0.002987 -0.023683 0.016714
7.876000 0.001997 -0.024683 0.018642
7.883000 0.001798 -0.029050 0.019586
7.889000 0.005410 -0.027155 0.019906
7.896000 0.001461 -0.025946 0.017515
7.902000 0.002553 -0.016758 0.014802
7.908000 -0.000165 -0.018877 0.015518
7.915000 -0.002773 -0.028548 0.015676
7.921000 0.002719 -0.032690 0.017135
7.928000 0.002649 -0.033573 0.018602
7.934000 0.007665 -0.022492 0.014832
7.941000 0.011016 -0.014803 0.011614
7.947000 0.011319 -0.012489 0.006603
7.954000 0.014543 -0.015784 0.005966
7.961000 0.007096 -0.023627 0.013138
7.967000 0.003722 -0.025382 0.017419
7.974000 0.000572 -0.024700 0.019225
7.980000 -0.001982 -0.023292 0.017456
7.987000 0.000178 -0.023543 0.017317
7.993000 -0.002819 -0.024533 0.020348
8.000000 -0.001458 -0.023389 0.022653
8.006000 0.002051 -0.025057 0.025227
8.013000 -0.000443 -0.026616 0.024569
8.019000 0.000367 -0.024395 0.022399
8.025000 -0.003515 -0.024125 0.021374
8.032000 -0.004544 -0.023690 0.019383
8.038000 0.004961 -0.022600 0.017475
8.045000 0.001176 -0.021764 0.017288
8.051000 -0.002566 -0.021575 0.017808
8.058000 -0.006569 -0.021382 0.019085
8.064000 -0.007984 -0.021150 0.018502
8.071000 0.000566 -0.021727 0.017439
8.077000 -0.000616 -0.027389 0.016943
8.084000 0.003296 -0.032444 0.015604
8.090000 0.009476 -0.028537 0.016134
8.096000 0.001300 -0.034714 0.017873
8.103000 -0.000210 -0.039140 0.017353
8.109000 0.004656 -0.033087 0.013139
8.116000 0.004936 -0.027635 0.009990
8.122000 0.010524 -0.017384 0.007106
8.129000 0.008481 -0.015812 0.004410
8.135000 0.008086 -0.018405 0.003738
8.142000 0.010302 -0.020492 0.005784
8.148000 0.006899 -0.024559 0.011409
8.155000 0.008640 -0.020887 0.015057
8.161000 -0.003239 -0.026671 0.020584
8.168000 -0.010639 -0.033532 0.022327
8.174000 -0.008471 -0.028289 0.018495
8.181000 -0.012377 -0.025574 0.014596
8.187000 -0.005134 -0.014216 0.006997
8.194000 0.003161 -0.010094 0.004332
8.200000 0.002225 -0.018203 0.005524
8.207000 0.002619 -0.019803 0.010214
8.213000 -0.000882 -0.020747 0.017866
8.220000 -0.003188 -0.020179 0.020356
8.226000 -0.003541 -0.028995 0.021811
8.233000 -0.001640 -0.038396 0.021802
8.239000 0.011748 -0.035902 0.021120
8.246000 0.014120 -0.030641 0.020752
8.252000 0.011411 -0.025570 0.019546
8.259000 0.009717 -0.023489 0.020978
8.265000 0.006115 -0.022616 0.020422
8.272000 0.007375 -0.024065 0.016963
8.278000 0.002453 -0.026504 0.013829
8.285000 0.001643 -0.026257 0.011590
8.291000 0.004052 -0.027085 0.012025
8.298000 0.000209 -0.027491 0.012681
8.304000 -0.000249 -0.026313 0.013751
8.310000 0.000037 -0.024903 0.015769
8.317000 -0.000184 -0.022492 0.017546
8.323000 0.006556 -0.023588 0.019442
8.330000 0.007467 -0.026460 0.019399
8.336000 0.009525 -0.028170 0.017175
8.343000 0.013051 -0.029086 0.014825
8.349000 0.007306 -0.029165 0.013813
8.356000 0.009453 -0.024646 0.013696
8.362000 0.001728 -0.025574 0.015699
8.369000 -0.010778 -0.032806 0.018347
8.375000 -0.003363 -0.015755 0.015870
8.381000 0.002794 -0.003130 0.013158
8.388000 0.000910 -0.012996 0.010687
8.394000 -0.001896 -0.018084 0.006784
8.401000 -0.003481 -0.019343 0.005516
8.407000 0.002522 -0.014290 0.003814
8.414000 0.000320 -0.019247 0.005820
8.420000 -0.004218 -0.030475 0.010716
8.426000 0.000390 -0.033611 0.015228
8.433000 -0.001772 -0.034296 0.019364
8.439000 -0.001152 -0.026133 0.018994
8.446000 -0.007223 -0.023893 0.019686
8.452000 -0.012350 -0.027094 0.019327
8.459000 -0.004476 -0.024510 0.016915
8.465000 -0.003337 -0.026316 0.015767
8.472000 0.003891 -0.023342 0.015287
8.478000 0.008427 -0.022721 0.020267
8.485000 0.000075 -0.026977 0.023704
8.491000 0.001254 -0.017899 0.020867
8.498000 0.003571 -0.014840 0.018509
8.504000 0.002748 -0.017118 0.017658
8.510000 0.003597 -0.018957 0.019199
8.517000 -0.005042 -0.023063 0.021142
8.523000 -0.006704 -0.019907 0.020779
8.530000 -0.005177 -0.017547 0.022772
8.536000 -0.001069 -0.017060 0.023942
8.543000 0.006895 -0.019573 0.024414
8.549000 0.001536 -0.023819 0.024728
8.556000 0.002484 -0.026310 0.020784
8.562000 0.005071 -0.027436 0.017330
8.569000 0.004233 -0.025505 0.012329
8.575000 0.006394 -0.024313 0.008832
8.582000 0.000417 -0.028976 0.010511
8.588000 -0.001708 -0.033205 0.013835
8.595000 0.002799 -0.029932 0.017959
8.601000 0.001022 -0.025494 0.020278
8.608000 0.006846 -0.020414 0.019353
8.614000 0.008193 -0.021034 0.018449
8.621000 0.003565 -0.027211 0.020260
8.627000 0.006162 -0.027332 0.019625
8.634000 -0.005022 -0.028673 0.018099
8.640000 -0.009483 -0.029225 0.015315
8.646000 -0.010193 -0.025780 0.011693
8.653000 -0.011466 -0.022915 0.009603
8.660000 0.000067 -0.014028 0.006093
8.666000 -0.001298 -0.020733 0.006551
8.672000 -0.002246 -0.032215 0.009525
8.679000 0.008031 -0.016491 0.014557
8.685000 0.009550 -0.010825 0.023097
8.692000 0.004257 -0.016455 0.027555
8.698000 -0.004305 -0.018017 0.024234
8.705000 -0.012618 -0.021284 0.018442
8.711000 -0.008683 -0.015341 0.018367
8.717000 -0.008645 -0.015734 0.022401
8.724000 -0.009827 -0.023651 0.022226
8.730000 -0.006252 -0.027928 0.019601
8.737000 -0.006051 -0.027854 0.018942
8.743000 -0.001566 -0.026913 0.019723
8.750000 -0.000641 -0.027487 0.021743
8.756000 0.007209 -0.021608 0.018153
8.763000 0.008219 -0.022503 0.014778
8.769000 -0.003498 -0.028682 0.014210
8.776000 -0.002060 -0.022027 0.009117
8.782000 -0.000309 -0.018859 0.007279
8.789000 0.001587 -0.022492 0.008548
8.795000 0.006857 -0.029423 0.010416
8.802000 0.004137 -0.035572 0.010350
8.808000 0.004579 -0.029904 0.009234
8.815000 0.007605 -0.024270 0.013026
8.821000 0.005977 -0.021880 0.017562
8.828000 0.009522 -0.023721 0.020760
8.834000 0.006331 -0.028123 0.021777
8.841000 0.004377 -0.028818 0.020829
8.847000 0.008672 -0.027302 0.019284
8.854000 0.002081 -0.029471 0.017270
8.860000 0.000872 -0.033181 0.016045
8.867000 -0.002848 -0.035365 0.016096
8.873000 -0.009071 -0.032497 0.017445
8.879000 -0.001538 -0.015791 0.018859
8.886000 -0.000078 -0.011063 0.019829
8.893000 0.000780 -0.020175 0.019191
8.899000 0.004096 -0.022969 0.017193
8.905000 -0.001758 -0.024254 0.015733
8.912000 -0.002430 -0.020124 0.014487
8.918000 -0.008182 -0.020318 0.014372
8.925000 -0.009926 -0.026475 0.014624
8.931000 -0.001564 -0.026418 0.014566
8.938000 -0.003775 -0.028609 0.013755
8.944000 0.002352 -0.026772 0.012605
8.951000 0.006976 -0.026059 0.014341
8.957000 0.003180 -0.032450 0.016929
8.964000 0.006764 -0.025691 0.018532
8.970000 0.005310 -0.028116 0.019724
8.977000 0.000453 -0.036936 0.017386
8.983000 -0.001525 -0.034212 0.015034
8.990000 -0.000845 -0.029635 0.013632
8.996000 0.010537 -0.017736 0.007778
9.003000 0.011601 -0.021816 0.004479
9.009000 0.005248 -0.032435 0.002908
9.016000 0.008308 -0.027394 0.002911
9.022000 0.005902 -0.021013 0.009346
9.029000 0.003688 -0.016636 0.016252
9.035000 -0.006391 -0.017474 0.021341
9.042000 -0.013045 -0.019293 0.021869
9.048000 -0.008155 -0.021960 0.022276
9.055000 -0.005899 -0.025416 0.022017
9.061000 -0.000795 -0.024759 0.017523
9.068000 0.001710 -0.024166 0.014792
9.074000 0.002333 -0.021946 0.014252
9.081000 0.002815 -0.021704 0.015849
9.087000 -0.000625 -0.023803 0.017469
9.094000 -0.001653 -0.023344 0.018525
9.100000 0.001029 -0.024943 0.020550
9.107000 0.001638 -0.025705 0.021358
9.113000 0.007090 -0.028354 0.021271
9.120000 0.007789 -0.031663 0.020008
9.126000 0.006548 -0.030484 0.016853
9.133000 0.008921 -0.028841 0.015676
9.139000 0.001816 -0.028632 0.014257
9.145000 -0.001908 -0.030598 0.014076
9.152000 -0.005273 -0.029053 0.017538
9.158000 -0.006217 -0.028061 0.018920
9.165000 0.001814 -0.027740 0.019849
9.171000 0.000116 -0.031540 0.022681
9.178000 -0.003759 -0.034610 0.023569
9.184000 0.002604 -0.023999 0.014383
9.191000 0.006742 -0.019279 0.005876
9.197000 0.013690 -0.021291 0.008719
9.204000 0.013150 -0.025897 0.012602
9.210000 0.004850 -0.033402 0.014173
9.217000 0.006192 -0.030637 0.013034
9.223000 -0.006047 -0.034488 0.014687
9.230000 -0.013470 -0.037282 0.014697
9.236000 -0.008566 -0.020027 0.008808
9.243000 -0.003018 -0.005246 0.004820
9.249000 0.005242 -0.004198 0.003162
9.256000 -0.003219 -0.028107 0.008455
9.262000 -0.006488 -0.047249 0.017891
9.269000 0.006081 -0.032151 0.027139
9.275000 0.009805 -0.025007 0.033720
9.282000 0.008051 -0.031875 0.033191
9.288000 0.002374 -0.042168 0.027512
9.295000 -0.004048 -0.045062 0.020058
9.301000 0.004986 -0.030039 0.016588
9.308000 0.012372 -0.018576 0.017559
9.314000 0.015297 -0.016468 0.017274
9.320000 0.010724 -0.023598 0.015540
9.327000 0.004833 -0.027689 0.012644
9.333000 0.009773 -0.023639 0.011370
9.340000 0.002361 -0.023827 0.014697
9.346000 -0.001733 -0.023254 0.017811
9.353000 -0.004452 -0.028082 0.021888
9.360000 -0.010958 -0.033663 0.020458
9.366000 -0.006703 -0.026747 0.012692
9.373000 -0.006219 -0.022150 0.010067
9.379000 -0.002547 -0.020316 0.010917
9.386000 0.003420 -0.028017 0.013663
9.392000 0.000737 -0.039862 0.014368
9.398000 0.006044 -0.033913 0.014288
9.405000 0.006694 -0.026101 0.016829
9.411000 0.000567 -0.024253 0.018890
9.418000 0.004887 -0.025695 0.020997
9.424000 0.003081 -0.029093 0.020056
9.431000 0.003767 -0.030682 0.017941
9.437000 0.006168 -0.029410 0.017454
9.444000 0.005682 -0.026768 0.017106
9.450000 0.009693 -0.026117 0.017677
9.457000 0.002489 -0.028444 0.017641
9.463000 -0.003291 -0.031060 0.017178
9.470000 -0.004256 -0.030707 0.016563
9.476000 -0.006896 -0.027915 0.015670
9.483000 -0.001065 -0.022990 0.015868
9.489000 0.000103 -0.021045 0.015561
9.496000 0.001484 -0.020513 0.015138
9.502000 0.006389 -0.019945 0.016302
9.509000 -0.000794 -0.021063 0.016589
9.515000 -0.003450 -0.022192 0.015370
9.522000 -0.004040 -0.023012 0.014100
9.528000 -0.003059 -0.023318 0.013762
9.535000 0.003421 -0.023044 0.015252
9.541000 -0.003313 -0.029320 0.017016
9.548000 -0.002152 -0.034786 0.017791
9.554000 0.005438 -0.029344 0.018169
9.561000 -0.001074 -0.037194 0.019777
9.567000 -0.001026 -0.041054 0.019759
9.573000 0.004553 -0.027558 0.018331
9.580000 0.005080 -0.018790 0.016010
9.586000 0.007727 -0.013672 0.010055
9.593000 0.002859 -0.023963 0.006792
9.599000 0.004224 -0.031097 0.006113
9.606000 0.011598 -0.025111 0.007191
9.612000 0.010316 -0.023441 0.009719
9.619000 0.010842 -0.020609 0.011874
9.625000 -0.000148 -0.023974 0.015731
9.632000 -0.007391 -0.028100 0.016631
9.638000 -0.008280 -0.029430 0.015836
9.645000 -0.010884 -0.030001 0.013600
9.651000 -0.000996 -0.019451 0.014239
9.658000 0.001100 -0.022579 0.022308
9.664000 -0.001141 -0.031143 0.026214
9.671000 0.006110 -0.020913 0.024284
9.677000 0.007114 -0.016518 0.022615
9.684000 0.006590 -0.017134 0.019100
9.690000 0.004388 -0.022701 0.014411
9.697000 -0.002004 -0.027535 0.010186
9.703000 0.001357 -0.021673 0.009700
9.710000 -0.002350 -0.017790 0.013838
9.716000 -0.005898 -0.014666 0.015110
9.723000 -0.004050 -0.017437 0.018705
9.729000 -0.006730 -0.022734 0.021327
9.736000 -0.002534 -0.024125 0.019515
9.742000 -0.002716 -0.024701 0.019402
9.749000 -0.003297 -0.023636 0.018694
9.755000 -0.001726 -0.024218 0.019451
9.762000 -0.003466 -0.026201 0.020211
9.768000 -0.001563 -0.026687 0.022109
9.775000 -0.002739 -0.026232 0.024578
9.781000 -0.002321 -0.023105 0.025629
9.788000 0.003200 -0.021590 0.025603
9.794000 -0.000048 -0.022424 0.023621
9.801000 -0.002583 -0.022484 0.022147
9.807000 -0.003874 -0.023279 0.021304
9.814000 -0.004149 -0.022739 0.020237
9.820000 0.004795 -0.023516 0.019529
9.827000 0.005134 -0.025781 0.018313
9.833000 0.009238 -0.027542 0.016339
9.840000 0.012633 -0.027404 0.016590
9.846000 0.006793 -0.027520 0.016059
9.853000 0.007786 -0.026946 0.014196
9.859000 -0.000636 -0.032072 0.015043
9.866000 -0.007204 -0.036201 0.017999
9.872000 0.001769 -0.021832 0.018163
9.878000 0.001189 -0.023231 0.014409
9.885000 -0.002246 -0.039501 0.010439
9.891000 0.006097 -0.036762 0.007934
9.898000 0.015087 -0.025536 0.010773
9.904000 0.020795 -0.019982 0.015533
9.911000 0.012002 -0.023354 0.017342
9.917000 0.006946 -0.023477 0.016002
9.924000 0.009049 -0.020975 0.015765
9.930000 0.004457 -0.020188 0.017209
9.937000 0.006736 -0.013297 0.012348
9.943000 -0.001204 -0.023163 0.008320
9.950000 -0.006784 -0.037304 0.006771
9.956000 0.003774 -0.026060 0.005592
9.963000 0.003412 -0.023019 0.009321
9.970000 0.000965 -0.028136 0.014945
9.976000 0.005240 -0.029857 0.021069
9.982000 0.004773 -0.031846 0.023558
9.989000 0.009266 -0.024206 0.023892
9.995000 0.005350 -0.022700 0.023046
10.002000 -0.003130 -0.026167 0.018830
10.008000 0.000113 -0.025818 0.015210
10.015000 0.001635 -0.023636 0.011695
10.022000 0.002309 -0.022099 0.012286
10.028000 0.000304 -0.023778 0.016898
10.035000 0.003789 -0.025313 0.018928
10.041000 0.007220 -0.026562 0.018633
10.048000 0.005485 -0.025402 0.017300
10.055000 0.006047 -0.024195 0.017222
10.061000 0.002330 -0.024586 0.017247
10.068000 0.001633 -0.023530 0.016310
10.075000 0.004218 -0.024590 0.015183
10.081000 0.001872 -0.024832 0.013757
10.088000 0.002067 -0.023886 0.014674
10.094000 0.000897 -0.024650 0.016586
10.101000 0.000108 -0.024779 0.017905
10.107000 0.003607 -0.025367 0.018232
10.114000 -0.005153 -0.028285 0.016162
10.121000 -0.009723 -0.030866 0.014525
10.127000 -0.009500 -0.026974 0.014283
10.134000 -0.012697 -0.026712 0.015665
10.140000 -0.004674 -0.024364 0.017323
10.147000 -0.001017 -0.022959 0.016930
10.154000 -0.001583 -0.028134 0.013950
10.160000 0.003004 -0.023168 0.009175
10.167000 0.003515 -0.021957 0.008371
10.173000 0.003347 -0.024637 0.008231
10.180000 -0.003482 -0.031301 0.008485
10.186000 -0.006168 -0.038348 0.011646
10.193000 0.002480 -0.035379 0.014360
10.200000 0.002417 -0.030961 0.016227
10.206000 0.001551 -0.020784 0.015209
10.213000 -0.002431 -0.018427 0.013240
10.220000 0.000693 -0.023066 0.012186
10.226000 0.009839 -0.022707 0.012770
10.233000 0.004795 -0.028997 0.012657
10.239000 0.004678 -0.031564 0.016184
10.246000 0.005545 -0.032330 0.024858
10.253000 0.001337 -0.031226 0.027451
10.259000 0.003680 -0.019717 0.025353
10.266000 0.001550 -0.016998 0.024335
10.272000 -0.000681 -0.022427 0.023028
10.279000 0.000326 -0.027926 0.019534
10.286000 0.001407 -0.025951 0.014624
10.292000 0.008924 -0.018787 0.014137
10.299000 0.004335 -0.014526 0.018183
10.305000 -0.004215 -0.011754 0.020363
10.312000 -0.007545 -0.013634 0.022847
10.318000 -0.007986 -0.017470 0.021598
10.325000 -0.000845 -0.022761 0.017473
10.332000 0.000704 -0.026231 0.016405
10.338000 0.001734 -0.025710 0.016310
10.345000 0.003060 -0.025353 0.017647
10.352000 0.002375 -0.024111 0.016996
10.358000 0.003457 -0.023139 0.016565
10.365000 -0.001832 -0.025824 0.016978
10.371000 -0.002172 -0.027676 0.017405
10.378000 0.002506 -0.026516 0.019566
10.385000 -0.001864 -0.023746 0.020927
10.391000 -0.002076 -0.020316 0.019122
10.398000 -0.003699 -0.021297 0.015725
10.405000 0.002827 -0.024781 0.013258
10.411000 0.012897 -0.026700 0.012058
10.418000 0.005523 -0.029421 0.011972
10.425000 0.006345 -0.025068 0.009022
10.431000 0.003940 -0.027217 0.006979
10.438000 -0.004926 -0.035316 0.007232
10.445000 0.000411 -0.018302 0.007978
10.451000 0.002905 -0.010776 0.013773
10.458000 0.000524 -0.023467 0.020418
10.464000 0.001836 -0.029280 0.022832
10.471000 0.004023 -0.029892 0.021012
10.478000 0.012006 -0.022204 0.018715
10.484000 0.011793 -0.019081 0.017772
10.491000 0.005830 -0.021213 0.015039
10.497000 0.000451 -0.024495 0.013810
10.504000 -0.003205 -0.026509 0.012518
10.511000 0.003346 -0.022094 0.010071
10.517000 0.001420 -0.023830 0.010129
10.524000 -0.000827 -0.026889 0.010000
10.531000 -0.001424 -0.031218 0.010447
10.537000 -0.001957 -0.032645 0.010816
10.544000 0.004930 -0.021360 0.012088
10.551000 0.002822 -0.019098 0.013637
10.557000 0.001607 -0.024388 0.014728
10.564000 0.005182 -0.027703 0.018195
10.570000 0.001622 -0.028183 0.016720
10.577000 0.001059 -0.024148 0.012717
10.584000 -0.000348 -0.021280 0.012500
10.590000 -0.000409 -0.018697 0.015383
10.597000 0.004538 -0.019362 0.018715
10.603000 0.004342 -0.021400 0.017768
10.610000 0.004666 -0.023721 0.016851
10.617000 0.000910 -0.027415 0.017681
10.623000 0.001925 -0.028708 0.018411
10.629000 0.006778 -0.024200 0.018172
10.636000 -0.002858 -0.026483 0.017795
10.643000 -0.006496 -0.031093 0.017438
10.649000 -0.002264 -0.028472 0.015878
10.656000 -0.000763 -0.025816 0.014109
10.662000 0.007588 -0.015884 0.010139
10.669000 0.007697 -0.014208 0.009328
10.676000 0.003970 -0.025015 0.012316
10.682000 0.001432 -0.030621 0.014771
10.689000 -0.001127 -0.030334 0.016212
10.696000 0.003237 -0.025381 0.015225
10.702000 -0.004815 -0.025666 0.014374
10.709000 -0.007973 -0.027647 0.014984
10.715000 -0.004372 -0.027933 0.017487
10.722000 -0.004870 -0.034591 0.019473
10.729000 0.002995 -0.029715 0.021393
10.735000 0.005660 -0.026352 0.022708
10.742000 0.001043 -0.031309 0.018559
10.748000 -0.001319 -0.028530 0.013004
10.755000 -0.004204 -0.031526 0.011655
10.761000 -0.000131 -0.032987 0.011461
10.768000 0.000628 -0.036197 0.010425
10.775000 -0.001171 -0.038898 0.010263
10.781000 0.006216 -0.035575 0.014473
10.788000 0.003012 -0.035706 0.021856
10.795000 -0.000557 -0.029726 0.023996
10.801000 -0.009197 -0.026196 0.026380
10.808000 -0.013709 -0.024765 0.028138
10.814000 -0.002860 -0.022422 0.026151
10.821000 0.002152 -0.024410 0.022091
10.828000 0.006717 -0.022485 0.015825
10.834000 0.006532 -0.022181 0.013781
10.841000 0.008084 -0.021778 0.010187
10.848000 0.011529 -0.022957 0.006381
10.854000 0.004885 -0.026322 0.005769
10.861000 0.001492 -0.024188 0.008862
10.867000 0.001602 -0.022933 0.016788
10.874000 0.000093 -0.021319 0.022013
10.880000 0.001729 -0.021012 0.025159
10.887000 -0.005437 -0.020943 0.025950
10.894000 -0.009284 -0.020695 0.023171
10.900000 -0.006022 -0.022205 0.020319
10.907000 -0.001417 -0.022703 0.016987
10.914000 0.007982 -0.023362 0.014015
10.920000 0.005377 -0.029027 0.013398
10.927000 0.006876 -0.033922 0.012908
10.933000 0.010103 -0.032548 0.011871
10.940000 0.001772 -0.036753 0.012207
10.947000 0.003463 -0.034964 0.015952
10.953000 0.005320 -0.028850 0.022153
10.960000 0.002756 -0.027140 0.024095
10.966000 0.006618 -0.020542 0.021764
10.973000 0.001266 -0.021800 0.020330
10.980000 -0.002810 -0.027190 0.016680
10.986000 -0.003982 -0.031018 0.011269
10.993000 -0.000956 -0.033112 0.009473
10.999000 0.010146 -0.024976 0.011558
11.006000 0.006031 -0.027540 0.014863
11.013000 0.000352 -0.034745 0.015510
11.019000 -0.001937 -0.034965 0.014954
11.026000 -0.003639 -0.034007 0.012966
11.032000 0.002694 -0.021638 0.010374
11.039000 0.005519 -0.019633 0.012328
11.045000 0.006466 -0.026389 0.014635
11.052000 0.005568 -0.034500 0.017504
11.059000 0.000029 -0.040403 0.017904
11.065000 0.001299 -0.026687 0.013093
11.072000 -0.001690 -0.014824 0.011341
11.078000 -0.004271 -0.012899 0.011481
11.085000 0.000618 -0.015526 0.014576
11.092000 0.004837 -0.017317 0.017691
11.098000 0.008616 -0.018499 0.020155
11.105000 0.003730 -0.023226 0.023384
11.112000 0.001282 -0.024343 0.021916
11.118000 0.003016 -0.023753 0.018962
11.125000 0.003163 -0.023565 0.015895
11.132000 0.002801 -0.025262 0.016640
11.138000 -0.001280 -0.026721 0.020407
11.145000 -0.002418 -0.023999 0.021764
11.151000 0.000356 -0.022125 0.021893
11.158000 0.002461 -0.022162 0.022039
11.165000 0.009145 -0.025773 0.023090
11.171000 0.010778 -0.029860 0.023139
11.178000 0.008503 -0.029559 0.020096
11.185000 0.005380 -0.026685 0.017108
11.191000 -0.002202 -0.023780 0.014446
11.198000 0.002196 -0.024345 0.012710
11.204000 0.005035 -0.029050 0.014091
11.211000 0.006938 -0.033252 0.012385
11.217000 0.011918 -0.028131 0.009615
11.224000 0.000739 -0.030280 0.012478
11.230000 -0.007021 -0.032723 0.017188
11.237000 -0.003915 -0.022372 0.019931
11.244000 -0.004368 -0.019414 0.021957
11.250000 -0.000525 -0.019461 0.019932
11.257000 -0.000740 -0.021977 0.014794
11.264000 0.002243 -0.023567 0.012620
11.270000 0.007884 -0.024210 0.013371
11.277000 0.005984 -0.027471 0.017038
11.283000 0.011686 -0.021633 0.021252
11.290000 0.006830 -0.024900 0.023684
11.297000 0.000251 -0.032005 0.018350
11.303000 -0.000694 -0.025814 0.010766
11.310000 -0.004358 -0.016317 0.007665
11.317000 -0.001534 -0.002940 0.006153
11.323000 -0.003731 -0.007533 0.010755
11.330000 -0.002373 -0.022710 0.019077
11.336000 0.007761 -0.028199 0.027678
11.343000 0.010360 -0.029989 0.030449
11.349000 0.015132 -0.021732 0.027525
11.356000 0.015478 -0.017585 0.024305
11.363000 0.006617 -0.021479 0.019062
11.369000 0.001294 -0.027197 0.015040
11.376000 -0.002650 -0.031390 0.013460
11.382000 0.001856 -0.030874 0.015189
11.389000 0.003925 -0.029347 0.018029
11.396000 0.002569 -0.025412 0.018705
11.402000 -0.000264 -0.022467 0.018716
11.409000 -0.005366 -0.022033 0.018122
11.416000 -0.003941 -0.024048 0.017535
11.422000 -0.004279 -0.026789 0.015861
11.429000 -0.000870 -0.026475 0.013931
11.435000 0.004285 -0.027030 0.014200
11.442000 0.000927 -0.027671 0.016044
11.449000 0.000086 -0.026741 0.017769
11.455000 -0.000747 -0.025593 0.017439
11.462000 0.001234 -0.023311 0.016584
11.468000 0.010483 -0.023035 0.017430
11.475000 0.007643 -0.026382 0.018157
11.482000 0.001605 -0.029519 0.017771
11.488000 -0.007305 -0.028579 0.015888
11.495000 -0.016793 -0.029118 0.015982
11.501000 -0.010290 -0.023631 0.018660
11.508000 -0.006056 -0.021756 0.018262
11.515000 -0.003962 -0.028970 0.014722
11.521000 0.003434 -0.025099 0.011205
11.528000 0.008674 -0.019821 0.010237
11.534000 0.013792 -0.013995 0.007119
11.541000 0.006835 -0.019595 0.005749
11.548000 -0.000878 -0.030256 0.008087
11.554000 0.006002 -0.024414 0.009511
11.561000 0.009057 -0.019378 0.013569
11.567000 0.009608 -0.015526 0.013424
11.574000 -0.003241 -0.020721 0.012350
11.581000 -0.014397 -0.028726 0.012145
11.587000 -0.005554 -0.027014 0.012145
11.594000 0.003537 -0.027883 0.016111
11.601000 0.011838 -0.024531 0.018657
11.607000 0.009147 -0.027932 0.018225
11.614000 0.005014 -0.031528 0.013857
11.621000 0.010757 -0.022816 0.014619
11.627000 0.008215 -0.023004 0.018612
11.634000 0.004053 -0.027053 0.019575
11.640000 0.001353 -0.030448 0.019069
11.647000 -0.000510 -0.027834 0.014098
11.654000 0.004418 -0.020347 0.012894
11.660000 0.004420 -0.019789 0.016139
11.667000 0.008248 -0.021829 0.018894
11.673000 0.009294 -0.022948 0.021188
11.680000 0.008895 -0.021693 0.018243
11.686000 0.012920 -0.023522 0.016254
11.693000 0.006542 -0.026768 0.017244
11.700000 0.002911 -0.026882 0.017130
11.707000 0.000396 -0.026083 0.016774
11.713000 0.001180 -0.024757 0.014724
11.720000 0.006361 -0.025239 0.017059
11.726000 0.001642 -0.025682 0.019502
11.733000 -0.001900 -0.024066 0.018739
11.740000 -0.001170 -0.022318 0.018899
11.746000 0.001738 -0.020892 0.016434
11.753000 0.010277 -0.021978 0.014547
11.759000 0.008888 -0.024155 0.014784
11.766000 0.003569 -0.025348 0.014777
11.773000 -0.002962 -0.024949 0.014428
11.779000 -0.008494 -0.024745 0.013610
11.786000 -0.000937 -0.022467 0.012954
11.793000 -0.005930 -0.030455 0.014641
11.799000 -0.014654 -0.040960 0.015523
11.806000 -0.006690 -0.024294 0.013069
11.813000 0.002897 -0.011905 0.011832
11.819000 0.008736 -0.014300 0.011017
11.825000 0.005046 -0.020442 0.010743
11.832000 -0.000839 -0.030387 0.009783
11.839000 0.004004 -0.027773 0.008861
11.845000 0.007552 -0.020737 0.010248
11.852000 0.014055 -0.014092 0.010977
11.858000 0.014460 -0.018719 0.013659
11.865000 0.006568 -0.029156 0.016723
11.872000 0.006143 -0.024808 0.020798
11.878000 0.001409 -0.023463 0.023570
11.885000 0.000359 -0.027133 0.022578
11.892000 -0.001791 -0.030523 0.023177
11.898000 -0.004929 -0.028986 0.020403
11.905000 0.000713 -0.016858 0.017049
11.912000 -0.000639 -0.016168 0.017390
11.918000 0.000305 -0.023004 0.017721
11.925000 0.004453 -0.031795 0.018713
11.931000 0.004364 -0.036089 0.016851
11.938000 0.006101 -0.027550 0.015607
11.945000 -0.003609 -0.022649 0.017698
11.951000 -0.008270 -0.019493 0.016388
11.958000 -0.002688 -0.019026 0.017214
11.965000 0.003872 -0.018139 0.017210
11.971000 0.012566 -0.015927 0.017401
11.978000 0.010437 -0.019402 0.021316
11.985000 0.010111 -0.024698 0.021678
11.992000 0.009468 -0.028271 0.023257
11.998000 0.006981 -0.026708 0.022803
12.005000 0.007252 -0.025125 0.019520
12.011000 0.004081 -0.025345 0.015233
12.018000 0.002893 -0.024543 0.013898
12.025000 0.002729 -0.025280 0.016582
12.031000 0.003068 -0.025631 0.014203
12.038000 0.004624 -0.024436 0.011554
12.045000 -0.005198 -0.024005 0.013991
12.051000 -0.008777 -0.023589 0.017653
12.058000 -0.002216 -0.023256 0.017771
12.065000 0.004084 -0.023399 0.015467
12.071000 0.012317 -0.024295 0.013991
12.078000 0.008238 -0.025765 0.012956
12.084000 0.009232 -0.026898 0.012304
12.091000 0.009829 -0.028185 0.014892
12.098000 0.004557 -0.027720 0.017284
12.104000 0.001850 -0.022274 0.017670
12.111000 -0.007818 -0.023356 0.017028
12.118000 -0.008584 -0.025648 0.014906
12.124000 -0.002196 -0.022458 0.016707
12.131000 -0.000702 -0.022801 0.018631
12.137000 0.006777 -0.017222 0.015110
12.144000 0.008052 -0.017146 0.010418
12.150000 0.006551 -0.023776 0.006331
12.157000 0.011226 -0.023447 0.006088
12.164000 0.007589 -0.024748 0.011209
12.170000 0.010021 -0.021481 0.013848
12.177000 0.006545 -0.024271 0.014846
12.184000 -0.000906 -0.030179 0.015293
12.190000 0.002010 -0.019173 0.017031
12.197000 -0.000625 -0.014641 0.020025
12.204000 0.000103 -0.013411 0.016065
12.210000 0.001504 -0.016238 0.011869
12.217000 -0.000998 -0.025112 0.011486
12.223000 0.003593 -0.022179 0.017229
12.230000 0.006031 -0.018967 0.021070
12.237000 0.006604 -0.018202 0.013300
12.243000 0.001761 -0.028001 0.010356
12.250000 -0.002576 -0.039028 0.014319
12.257000 0.004857 -0.035529 0.018922
12.263000 0.003076 -0.027676 0.020726
12.270000 -0.001117 -0.022477 0.019706
12.277000 -0.001114 -0.022682 0.020686
12.283000 0.004220 -0.024669 0.020020
12.290000 0.009883 -0.026658 0.019256
12.297000 0.005264 -0.026208 0.019005
12.303000 0.002084 -0.024073 0.019026
12.310000 -0.000154 -0.025392 0.019389
12.316000 0.000435 -0.026262 0.018677
12.323000 0.005674 -0.027670 0.018744
12.330000 0.005521 -0.028766 0.018011
12.336000 0.007333 -0.026828 0.016466
12.343000 0.008450 -0.024521 0.016209
12.349000 0.003345 -0.020950 0.014762
12.356000 0.002575 -0.020443 0.014308
12.362000 -0.000800 -0.023830 0.016178
12.369000 0.003170 -0.026780 0.019376
12.375000 0.009152 -0.024013 0.023633
12.382000 0.003188 -0.030779 0.022872
12.389000 0.003943 -0.040501 0.019469
12.395000 0.004874 -0.035735 0.016852
12.402000 0.002711 -0.028686 0.012470
12.408000 0.005309 -0.021081 0.007810
12.415000 0.000858 -0.025553 0.009149
12.422000 -0.002480 -0.034179 0.013235
12.429000 -0.004183 -0.034106 0.012295
12.435000 -0.003430 -0.030725 0.009921
12.442000 0.005975 -0.023608 0.010217
12.449000 0.008475 -0.020323 0.015694
12.455000 0.014068 -0.015196 0.018591
12.462000 0.011984 -0.014630 0.018429
12.468000 0.002618 -0.019233 0.014726
12.475000 -0.001444 -0.018082 0.006833
12.482000 -0.008496 -0.024766 0.004453
12.488000 -0.003167 -0.029100 0.005380
12.495000 0.003715 -0.032896 0.012588
12.501000 0.002244 -0.037907 0.019680
12.508000 0.005555 -0.027073 0.024279
12.515000 0.005917 -0.020540 0.028720
12.521000 0.005147 -0.016929 0.023666
12.528000 0.005590 -0.015308 0.015745
12.534000 0.003338 -0.021503 0.011756
12.541000 0.009214 -0.024064 0.014142
12.548000 0.011429 -0.023873 0.020224
12.554000 0.014138 -0.021636 0.023704
12.561000 0.015841 -0.021971 0.025767
12.567000 0.009953 -0.023389 0.023570
12.574000 0.006203 -0.026034 0.020667
12.581000 -0.001143 -0.028464 0.019792
12.587000 -0.002404 -0.027466 0.018113
12.594000 -0.001905 -0.027036 0.018352
12.600000 -0.002027 -0.025310 0.018150
12.607000 0.001098 -0.024416 0.019890
12.614000 -0.001281 -0.024497 0.021245
12.620000 -0.000977 -0.023543 0.017456
12.627000 0.003668 -0.023507 0.014532
12.634000 0.003568 -0.023460 0.014076
12.640000 0.002926 -0.023434 0.014950
12.647000 -0.005487 -0.023149 0.015169
12.654000 -0.007972 -0.023501 0.014676
12.660000 0.001398 -0.025239 0.014527
12.667000 -0.000136 -0.031610 0.013991
12.673000 -0.000622 -0.033387 0.012374
12.680000 -0.004339 -0.032702 0.012148
