3.86999989 0.00213053 -0.02450108 0.01597897
3.87700009 0.00213053 -0.02343581 0.02130529
3.88299990 0.00000000 -0.02450108 0.01810949
3.88899994 0.00000000 -0.02450108 0.01597897
3.89599991 0.00213053 -0.02343581 0.01491370
3.90199995 0.00319579 -0.02343581 0.01597897
3.90799999 0.00213053 -0.02556635 0.01597897
3.91499996 0.00213053 -0.02556635 0.01704423
3.92100000 0.00213053 -0.02450108 0.01704423
3.92799997 0.00106526 -0.02450108 0.01704423
3.93400002 0.00106526 -0.02556635 0.01597897
3.94000006 0.00213053 -0.02450108 0.01597897
3.94700003 0.00319579 -0.02556635 0.01704423
3.95300007 0.00213053 -0.02450108 0.01704423
3.96000004 0.00319579 -0.02450108 0.01597897
3.96600008 0.00213053 -0.02556635 0.01597897
3.97300005 0.00106526 -0.02556635 0.01810949
3.97900009 0.00106526 -0.02343581 0.01597897
3.98499990 0.00213053 -0.02450108 0.01810949
3.99200010 -0.00106526 -0.02343581 0.01597897
3.99799991 0.00319579 -0.02556635 0.01704423
4.00500011 0.00000000 -0.02343581 0.01597897
4.01100016 0.00319579 -0.02556635 0.01704423
4.01700020 0.00319579 -0.02343581 0.01597897
4.02400017 0.00000000 -0.02663161 0.01704423
4.03000021 0.00106526 -0.02343581 0.01810949
4.03599977 0.00213053 -0.02769687 0.01917476
4.04300022 0.00426106 -0.02343581 0.01597897
4.04899979 0.00426106 -0.02663161 0.01597897
4.05600023 0.00426106 -0.02343581 0.01704423
4.06199980 -0.00213053 -0.02450108 0.01597897
4.06899977 0.00319579 -0.02450108 0.01704423
4.07499981 0.00106526 -0.02769687 0.01810949
4.08099985 0.00213053 -0.02450108 0.01704423
4.08799982 0.00319579 -0.02343581 0.01810949
4.09399986 0.00213053 -0.02556635 0.01704423
4.10099983 0.00426106 -0.02343581 0.01810949
4.10699987 0.00319579 -0.02663161 0.01704423
4.11299992 -0.00213053 -0.02130529 0.01384844
4.11999989 0.00745685 -0.02769687 0.01597897
4.12599993 -0.00319579 -0.02343581 0.01597897
4.13299990 0.00852211 -0.02876214 0.01810949
4.13899994 -0.00319579 -0.02237055 0.01491370
4.14599991 -0.00106526 -0.02769687 0.01917476
4.15199995 0.00639159 -0.02237055 0.02024002
4.15899992 -0.00213053 -0.02769687 0.01810949
4.16499996 0.00532632 -0.02450108 0.01597897
4.17199993 0.00319579 -0.02556635 0.01384844
4.17799997 0.00745685 -0.02450108 0.01597897
4.18499994 0.00106526 -0.02769687 0.01917476
4.19099998 0.00106526 -0.02237055 0.01597897
4.19700003 0.00000000 -0.02556635 0.01597897
4.20400000 0.00426106 -0.02343581 0.01171791
4.21000004 0.00319579 -0.02556635 0.01704423
4.21600008 -0.00426106 -0.02237055 0.01597897
4.22300005 0.00532632 -0.02982740 0.02024002
4.22900009 -0.00319579 -0.02024002 0.01384844
4.23600006 0.00106526 -0.02982740 0.01491370
4.24200010 0.00532632 -0.01704423 0.01171791
4.24900007 -0.00532632 -0.03089267 0.01917476
4.25500011 0.00639159 -0.01917476 0.02237055
4.26200008 0.00000000 -0.02982740 0.01917476
4.26800013 0.00532632 -0.02237055 0.01384844
4.27400017 0.00106526 -0.02556635 0.01065264
4.28100014 0.00532632 -0.02663161 0.01597897
4.28700018 -0.00213053 -0.02130529 0.01491370
4.29300022 0.00426106 -0.02982740 0.01810949
4.30000019 0.00639159 -0.02556635 0.01597897
4.30600023 -0.00106526 -0.02556635 0.01171791
4.31300020 0.00213053 -0.01917476 0.01597897
4.31899977 0.00532632 -0.02982740 0.01917476
4.32600021 0.00639159 -0.02450108 0.01597897
4.33199978 -0.00426106 -0.02663161 0.01171791
4.33900023 -0.00426106 -0.01704423 0.01065264
4.34499979 0.00639159 -0.02663161 0.02237055
4.35099983 0.00852211 -0.02450108 0.01704423
4.35799980 0.00000000 -0.03089267 0.01491370
4.36399984 -0.00106526 -0.02343581 0.01278317
4.37099981 0.00319579 -0.02982740 0.01917476
4.37699986 0.01491370 -0.02343581 0.01384844
4.38299990 -0.00213053 -0.03728425 0.02343581
4.38999987 0.00319579 -0.01810949 0.01065264
4.39599991 -0.00319579 -0.03515372 0.01810949
4.40299988 0.00426106 -0.00532632 0.01278317
4.40899992 -0.00532632 -0.04474111 0.02343581
4.41599989 0.00852211 -0.01384844 0.00958738
4.42199993 0.00532632 -0.04048005 0.01704423
4.42899990 0.00745685 -0.00532632 0.01065264
4.43499994 0.00000000 -0.03728425 0.02024002
4.44099998 0.01065264 -0.02024002 0.01704423
4.44799995 -0.00958738 -0.02982740 0.01491370
4.45400000 0.00000000 -0.01491370 0.01704423
4.46000004 0.01704423 -0.03089267 0.01491370
4.46700001 0.00426106 -0.02663161 0.01278317
4.47300005 0.02237055 -0.02343581 0.01491370
4.48000002 -0.03089267 -0.02130529 0.01384844
4.48600006 0.05219796 -0.02237055 0.02343581
4.49300003 -0.03089267 -0.02663161 0.01491370
4.49900007 0.01810949 -0.02130529 0.01384844
4.50600004 -0.01171791 -0.02450108 0.01491370
4.51200008 0.00106526 -0.02343581 0.01917476
4.51900005 0.00958738 -0.02876214 0.02024002
4.52500010 -0.01278317 -0.02663161 0.01384844
4.53200006 0.00745685 -0.01491370 0.01917476
4.53800011 -0.00532632 -0.02876214 0.01917476
4.54400015 0.01065264 -0.02982740 0.01810949
4.55100012 -0.01065264 -0.01704423 0.01491370
4.55700016 0.00000000 -0.02876214 0.01917476
4.56400013 0.01278317 -0.02663161 0.01704423
4.57000017 -0.00106526 -0.01917476 0.01917476
4.57700014 -0.01491370 -0.02130529 0.01810949
4.58300018 0.01917476 -0.03089267 0.01597897
4.59000015 0.00213053 -0.01597897 0.01704423
4.59600019 -0.01171791 -0.02663161 0.01704423
4.60300016 -0.00213053 -0.02556635 0.01171791
4.60900021 0.02024002 -0.01065264 0.01597897
4.61499977 -0.02237055 -0.02982740 0.01704423
4.62200022 0.01171791 -0.02450108 0.02024002
4.62799978 -0.00745685 -0.01810949 0.01278317
4.63500023 0.00852211 -0.02876214 0.01704423
4.64099979 -0.00426106 -0.02556635 0.01704423
4.64799976 -0.01278317 -0.02130529 0.00958738
4.65399981 0.02024002 -0.02024002 0.01917476
4.66099977 -0.00106526 -0.03089267 0.01917476
4.66699982 -0.00852211 -0.01597897 0.01384844
4.67399979 0.00213053 -0.03408846 0.01597897
4.67999983 0.03195793 -0.01810949 0.02130529
4.68699980 -0.02876214 -0.03195793 0.01810949
4.69299984 0.00852211 -0.02450108 0.01384844
4.69999981 0.03089267 -0.02237055 0.01810949
4.70599985 -0.03089267 -0.02982740 0.01597897
4.71299982 0.01491370 -0.03834952 0.01917476
4.71899986 -0.00106526 -0.00852211 0.01065264
4.72599983 0.00000000 -0.02982740 0.01917476
4.73199987 -0.00532632 -0.03195793 0.02237055
4.73799992 -0.00106526 -0.00745685 0.00958738
4.74499989 0.01597897 -0.02556635 0.01065264
4.75099993 -0.00745685 -0.04154531 0.01917476
4.75799990 0.00532632 -0.01278317 0.00213053
4.76399994 0.01597897 -0.02663161 0.00745685
4.77099991 -0.00532632 -0.02663161 0.02450108
4.77699995 0.00319579 -0.02450108 0.00639159
4.78399992 0.01810949 -0.01917476 0.01278317
4.78999996 -0.01810949 -0.02450108 0.01917476
4.79699993 -0.00319579 -0.02982740 0.01278317
4.80299997 0.01597897 -0.01810949 0.02237055
4.80999994 -0.00319579 -0.02556635 0.01491370
4.81599998 0.00213053 -0.04367584 0.01491370
4.82299995 0.00213053 -0.00106526 0.00852211
4.82900000 0.00639159 -0.03302320 0.01597897
4.83500004 -0.00106526 -0.04154531 0.02450108
4.84200001 0.00000000 0.00000000 -0.00213053
4.84800005 0.00958738 -0.03834952 0.00426106
4.85400009 0.00213053 -0.03195793 0.02237055
4.86000013 -0.00639159 -0.01384844 0.00106526
4.86700010 0.01704423 -0.03408846 0.00106526
4.87300014 -0.00532632 -0.02450108 0.03089267
4.88000011 -0.00639159 -0.02130529 -0.00106526
4.88600016 0.02663161 -0.02663161 0.00852211
4.89300013 -0.00852211 -0.03089267 0.02663161
4.89900017 0.00319579 -0.02556635 0.00106526
4.90600014 0.00000000 -0.01384844 0.02130529
4.91200018 -0.00426106 -0.03089267 0.01704423
4.91800022 0.00532632 -0.02876214 0.01065264
4.92500019 0.00000000 -0.01704423 0.01704423
4.93100023 0.01810949 -0.03941478 0.01597897
4.93699980 -0.01278317 -0.01491370 0.01917476
4.94399977 0.00000000 -0.02769687 0.01491370
4.94999981 0.03408846 -0.03728425 0.02237055
4.95699978 -0.02237055 -0.01171791 0.01278317
4.96299982 0.00852211 -0.03621899 0.00958738
4.96999979 0.01917476 -0.02130529 0.02663161
4.97599983 -0.05326322 -0.01384844 0.00745685
4.98299980 0.04687163 -0.04474111 0.00319579
4.98899984 -0.00639159 -0.00852211 0.02876214
4.99599981 -0.01065264 -0.04580637 0.00745685
5.00199986 0.02024002 -0.01171791 0.02450108
5.00899982 -0.00213053 -0.01597897 0.01917476
5.01499987 -0.02876214 -0.06498113 0.01384844
5.02199984 0.04154531 0.01171791 0.02130529
5.02799988 0.01278317 -0.03302320 -0.00532632
5.03399992 -0.03834952 -0.05645901 0.03302320
5.04099989 0.05858954 0.01810949 -0.00852211
5.04699993 -0.04154531 -0.04367584 -0.01171791
5.05399990 -0.02024002 -0.01917476 0.02982740
5.06099987 0.05752428 -0.02130529 -0.02237055
5.06699991 -0.04474111 -0.03195793 0.02343581
5.07399988 0.02556635 -0.03195793 0.00426106
5.07999992 0.01171791 -0.01278317 0.01171791
5.08699989 -0.02769687 -0.02769687 0.03089267
5.09299994 0.01171791 -0.05965481 0.00639159
5.09999990 0.02876214 0.01278317 0.02556635
5.10599995 -0.02450108 -0.05858954 0.01171791
5.11299992 -0.03195793 -0.05113269 0.01704423
5.11899996 0.06924219 0.05539375 -0.00106526
5.12599993 -0.06072007 -0.09374326 0.01065264
5.13199997 -0.03195793 -0.04261058 0.01704423
5.13899994 0.10652644 0.02876214 -0.02450108
5.14499998 -0.07776430 -0.07030745 0.03408846
5.15199995 0.05965481 0.03195793 -0.01597897
5.15799999 0.00532632 -0.01810949 -0.02450108
5.16499996 -0.04154531 -0.05113269 0.03941478
5.17100000 0.06178533 0.01171791 -0.02556635
5.17799997 -0.05326322 -0.05432848 0.03728425
5.18400002 0.04367584 -0.00852211 -0.01278317
5.19099998 -0.00532632 -0.00532632 0.01491370
5.19700003 -0.00319579 -0.04900216 0.02343581
5.20400000 0.00745685 -0.00639159 0.00745685
5.21000004 -0.01491370 -0.02024002 0.02237055
5.21700001 0.02982740 -0.04474111 0.02343581
5.22300005 -0.03515372 -0.00213053 0.01704423
5.23000002 0.05432848 -0.04580637 0.01810949
5.23600006 -0.02982740 -0.02237055 0.02237055
5.24300003 -0.00426106 -0.01384844 0.00639159
5.24900007 0.04261058 -0.03941478 0.03195793
5.25600004 -0.04900216 -0.01171791 0.00852211
5.26200008 0.03728425 -0.03941478 0.00639159
5.26900005 0.00106526 -0.02450108 0.03408846
5.27500010 -0.02237055 -0.02343581 -0.00852211
5.28200006 0.02450108 -0.02237055 0.02982740
5.28800011 -0.02343581 -0.02237055 0.01597897
5.29500008 0.00106526 -0.01704423 0.01597897
5.30100012 0.01278317 -0.02024002 0.02556635
5.30700016 -0.00106526 -0.03834952 0.00639159
5.31400013 -0.01704423 -0.01704423 0.02663161
5.32000017 0.05219796 -0.03408846 0.00745685
5.32700014 -0.04580637 -0.01597897 0.02130529
5.33300018 0.01810949 -0.02876214 0.01065264
5.34000015 0.03089267 -0.01491370 0.01065264
5.34600019 -0.06285059 -0.03408846 0.02556635
5.35300016 0.07776430 -0.02769687 0.00532632
5.35900021 -0.03941478 -0.01810949 0.01597897
5.36600018 -0.02237055 -0.07137272 0.00958738
5.37200022 0.05006742 0.02876214 0.01917476
5.37900019 -0.04793689 -0.02663161 0.01810949
5.38500023 -0.01384844 -0.07882956 0.01491370
5.39200020 0.04900216 0.05645901 0.02130529
5.39799976 -0.02130529 -0.07563377 0.01597897
5.40500021 -0.02769687 -0.05113269 0.01278317
5.41099977 0.07350324 0.01384844 0.00213053
5.41800022 -0.06391586 -0.05965481 0.03408846
5.42399979 0.06178533 0.02556635 0.00106526
5.42999983 0.00213053 -0.01597897 0.00213053
5.43699980 -0.07456850 -0.08202536 0.03515372
5.44299984 0.08309063 0.03195793 -0.00852211
5.44999981 -0.02876214 -0.02237055 0.02450108
5.45599985 -0.02769687 -0.11078750 0.00319579
5.46299982 0.05113269 0.07563377 0.01171791
5.46899986 -0.02237055 -0.07030745 0.04261058
5.47599983 -0.01810949 -0.02876214 -0.01171791
5.48199987 0.04261058 -0.00106526 0.03728425
5.48899984 -0.05113269 -0.08628642 0.00319579
5.49499989 0.04580637 0.05113269 0.01384844
5.50199986 0.01171791 -0.07030745 0.02876214
5.50799990 -0.02876214 -0.00106526 0.00639159
5.51499987 0.07350324 -0.00852211 0.02237055
5.52099991 -0.06498113 -0.04580637 0.02237055
5.52799988 0.03302320 0.00639159 0.00532632
5.53399992 -0.00852211 -0.04687163 0.03408846
5.54099989 -0.01597897 -0.01065264 0.00745685
5.54699993 0.02556635 -0.02982740 0.01917476
5.55399990 -0.00745685 -0.03195793 0.01597897
5.55999994 0.00532632 -0.01917476 0.00745685
5.56599998 0.02556635 -0.01917476 0.02450108
5.57299995 -0.02556635 -0.04154531 0.01491370
5.57900000 0.01810949 0.00106526 0.00745685
5.58599997 -0.00426106 -0.04687163 0.02343581
5.59200001 0.00319579 -0.01278317 0.00426106
5.59899998 -0.02450108 -0.02024002 0.01704423
5.60500002 0.04793689 -0.03728425 0.02237055
5.61199999 -0.04580637 -0.00213053 0.00639159
5.61800003 0.05432848 -0.05965481 0.02876214
5.62500000 0.00000000 0.00213053 0.01278317
5.63100004 -0.04367584 -0.06498113 0.01597897
5.63700008 0.05539375 -0.00532632 0.02450108
5.64400005 -0.03089267 -0.00852211 0.00319579
5.65000010 -0.02130529 -0.12357067 0.03195793
5.65700006 0.04474111 0.05858954 -0.00106526
5.66300011 -0.01704423 -0.04900216 0.01065264
5.67000008 0.02876214 -0.00958738 0.00639159
5.67600012 0.02343581 -0.01065264 -0.00745685
5.68300009 -0.08202536 -0.07776430 0.02769687
5.68900013 0.10013485 0.03408846 -0.00213053
5.69600010 -0.07989483 -0.04580637 0.02876214
5.70200014 0.03302320 -0.02769687 0.01491370
5.70900011 0.01384844 -0.01917476 0.01171791
5.71500015 -0.06604639 -0.05113269 0.02450108
5.72200012 0.07882956 -0.00426106 -0.00958738
5.72800016 -0.05965481 -0.02024002 0.02769687
5.73500013 0.00852211 -0.07989483 0.00745685
5.74100018 0.04367584 0.05326322 0.02982740
5.74700022 -0.03834952 -0.05326322 0.02769687
5.75400019 -0.02343581 -0.08735168 0.02876214
5.76000023 0.05539375 0.07456850 0.00426106
5.76700020 -0.02237055 -0.08309063 0.03089267
5.77299976 0.01704423 0.03834952 0.00745685
5.78000021 -0.00106526 -0.05752428 0.00213053
5.78599977 -0.07563377 -0.06604639 0.03728425
5.79300022 0.10652644 0.04154531 -0.02343581
5.79899979 -0.07030745 -0.07030745 0.04793689
5.80600023 0.03728425 0.02130529 -0.00532632
5.81199980 0.04048005 -0.02876214 0.00745685
5.81899977 -0.05539375 -0.03302320 0.02982740
5.82499981 0.09267800 0.00639159 -0.02769687
5.83199978 -0.06817692 -0.05006742 0.05219796
5.83799982 0.03834952 -0.01171791 -0.02237055
5.84499979 -0.00745685 -0.01171791 0.04154531
5.85099983 -0.00532632 -0.06817692 0.01384844
5.85799980 -0.00319579 0.02024002 0.01597897
5.86399984 0.01171791 -0.05858954 0.02556635
5.87099981 -0.01597897 0.00532632 0.01810949
5.87699986 0.01491370 -0.01704423 0.03089267
5.88299990 0.00745685 -0.04367584 0.02769687
5.88999987 -0.04793689 0.01171791 0.01384844
5.89599991 0.07563377 -0.05858954 0.02663161
5.90299988 -0.07030745 0.00319579 0.02024002
5.90899992 0.03302320 -0.04367584 0.00319579
5.91599989 -0.00213053 -0.01278317 0.03728425
5.92199993 -0.04261058 -0.02663161 0.00426106
5.92899990 0.05645901 -0.02343581 0.01917476
5.93499994 -0.05006742 -0.01491370 0.02556635
5.94199991 0.02556635 -0.04474111 0.00426106
5.94799995 0.01810949 0.00319579 0.03834952
5.95400000 -0.02237055 -0.05219796 0.00745685
5.96099997 -0.00319579 -0.00532632 0.04048005
5.96700001 0.04261058 -0.03515372 0.00106526
5.97399998 -0.06711166 -0.03834952 0.03515372
5.98000002 0.08841694 -0.01597897 -0.00426106
5.98699999 -0.05006742 -0.02556635 0.00958738
5.99399996 0.00319579 -0.04154531 0.02024002
6.00000000 0.08628642 0.01065264 -0.01065264
6.00600004 -0.10546117 -0.06178533 0.03515372
6.01300001 0.07030745 -0.06817692 -0.01384844
6.01999998 -0.01704423 0.06285059 0.01917476
6.02600002 0.00000000 -0.11717909 0.03621899
6.03200006 0.00426106 0.06924219 0.00532632
6.03900003 0.02876214 -0.02237055 0.04154531
6.04500008 -0.04900216 -0.11291803 0.00958738
6.05200005 0.04474111 0.07030745 0.02343581
6.05800009 -0.00958738 -0.08948221 0.02556635
6.06400013 -0.01917476 0.02237055 0.00852211
6.07100010 0.09161274 -0.03408846 0.01597897
6.07700014 -0.10226538 -0.01810949 0.00745685
6.08400011 0.12357067 -0.00213053 0.00000000
6.09000015 -0.08415589 -0.05006742 0.03302320
6.09700012 0.04048005 -0.00745685 -0.00213053
6.10300016 0.04154531 -0.01171791 0.02237055
6.11000013 -0.07030745 -0.08415589 0.01810949
6.11600018 0.06817692 0.03834952 0.00958738
6.12200022 -0.03834952 -0.03941478 0.02556635
6.12900019 -0.00852211 -0.07350324 0.00319579
6.13500023 0.02769687 0.02982740 0.02237055
6.14200020 -0.00745685 -0.09480853 0.02663161
6.14799976 -0.01810949 0.05432848 0.00532632
6.15500021 0.07350324 -0.06285059 0.03621899
6.16099977 -0.06604639 0.02130529 0.00319579
6.16800022 0.05219796 -0.03941478 0.01278317
6.17399979 -0.02663161 -0.01491370 0.01278317
6.18100023 -0.03302320 -0.01491370 0.00532632
6.18699980 0.06604639 -0.02237055 0.02237055
6.19399977 -0.06178533 -0.00852211 0.00639159
6.19999981 0.02024002 -0.09480853 0.02982740
6.20599985 0.03515372 0.04048005 0.00639159
6.21299982 -0.03728425 -0.05326322 0.01491370
6.21899986 0.02130529 -0.01597897 0.01278317
6.22599983 0.02663161 0.00106526 -0.00745685
6.23199987 -0.05645901 -0.07563377 0.02876214
6.23899984 0.07776430 0.02769687 -0.00532632
6.24499989 -0.06924219 -0.05113269 0.03302320
6.25199986 0.02130529 -0.00106526 -0.00213053
6.25799990 0.01171791 -0.02556635 0.02237055
6.26499987 -0.07137272 -0.03941478 0.01171791
6.27099991 0.10226538 -0.01171791 0.01704423
6.27799988 -0.09693906 -0.02130529 0.02343581
6.28399992 0.05858954 -0.07243798 0.01491370
6.29099989 0.01810949 0.04474111 0.02769687
6.29699993 -0.02663161 -0.09267800 0.02130529
6.30399990 0.00106526 -0.04261058 0.02450108
6.30999994 0.04154531 0.03089267 0.00213053
6.31599998 -0.02450108 -0.09800432 0.02982740
6.32299995 0.03941478 0.05858954 -0.01065264
6.32900000 0.00106526 -0.09906959 0.01704423
6.33599997 -0.05219796 -0.00532632 0.01171791
6.34200001 0.12570119 0.00639159 -0.01278317
6.34899998 -0.10333064 -0.05432848 0.05645901
6.35599995 0.10013485 0.02343581 -0.02130529
6.36199999 -0.09054748 -0.06498113 0.05539375
6.36899996 0.01278317 0.01171791 -0.00532632
6.37500000 0.01597897 -0.03621899 0.02237055
6.38100004 -0.05006742 -0.01597897 0.03728425
6.38800001 0.04367584 -0.01810949 -0.00639159
6.39499998 -0.04261058 -0.03089267 0.05006742
6.40100002 0.04261058 -0.02237055 -0.00745685
6.40799999 -0.02876214 -0.01065264 0.03941478
6.41400003 0.03408846 -0.04580637 0.00639159
6.42100000 -0.06498113 0.00213053 0.02343581
6.42700005 0.07563377 -0.05219796 0.01810949
6.43300009 -0.06817692 -0.00639159 0.02663161
6.44000006 0.05752428 -0.03834952 0.01491370
6.44600010 0.00319579 -0.02769687 0.02663161
6.45300007 -0.03621899 -0.01384844 0.01065264
6.45900011 0.09267800 -0.04367584 0.00106526
6.46600008 -0.09161274 -0.01065264 0.02450108
6.47200012 0.06285059 -0.05432848 -0.00532632
6.47900009 -0.03408846 0.00639159 0.02876214
6.48500013 -0.01171791 -0.06498113 0.00745685
6.49200010 0.01597897 0.01065264 0.02237055
6.49800014 0.01917476 -0.00852211 0.02130529
6.50500011 -0.05752428 -0.09480853 0.01597897
6.51100016 0.06604639 0.05752428 0.00426106
6.51700020 -0.00958738 -0.04048005 -0.00639159
6.52400017 -0.00639159 -0.01704423 0.04474111
6.53000021 0.07350324 -0.01491370 -0.01917476
6.53700018 -0.10333064 -0.06604639 0.04048005
6.54400015 0.13102752 0.01917476 -0.01704423
6.55000019 -0.08948221 -0.02769687 0.02876214
6.55700016 0.03195793 -0.09693906 0.01491370
6.56300020 0.04900216 0.07456850 -0.02982740
6.57000017 -0.03408846 -0.08309063 0.03941478
6.57600021 0.02130529 0.00319579 -0.02343581
6.58300018 0.01384844 0.01065264 0.05113269
6.58900023 -0.01597897 -0.12250540 0.02556635
6.59499979 0.01917476 0.06924219 0.02876214
6.60200024 0.03728425 -0.09161274 0.03089267
6.60799980 -0.08309063 -0.00319579 0.01491370
6.61499977 0.10439591 -0.04687163 0.01917476
6.62099981 -0.09374326 -0.03302320 0.02237055
6.62799978 0.10226538 -0.01597897 0.00958738
6.63399982 -0.04474111 -0.05113269 0.03515372
6.64099979 0.01810949 -0.00213053 0.00319579
6.64699984 0.04793689 -0.03941478 0.02450108
6.65399981 -0.05752428 -0.01384844 0.01278317
6.65999985 0.05645901 -0.02556635 0.00106526
6.66699982 -0.02876214 -0.02982740 0.02769687
6.67299986 0.01384844 -0.02024002 -0.00106526
6.67999983 0.01278317 -0.02343581 0.02663161
6.68599987 -0.00426106 -0.03515372 0.00852211
6.69299984 -0.00532632 -0.00852211 0.02343581
6.69899988 0.03302320 -0.03728425 0.01278317
6.70599985 -0.03941478 -0.00745685 0.02130529
6.71199989 0.01384844 -0.03089267 0.01917476
6.71899986 0.01065264 -0.02130529 0.01278317
6.72499990 -0.06711166 -0.02663161 0.01597897
6.73199987 0.11185277 -0.01917476 0.00958738
6.73799992 -0.10333064 -0.01065264 0.01278317
6.74499989 0.04261058 -0.10865697 0.01810949
6.75099993 0.02343581 0.07776430 0.01384844
6.75799990 -0.01810949 -0.08522116 0.03195793
6.76399994 0.02769687 -0.03834952 0.00958738
6.77099991 0.00319579 0.03302320 0.01384844
6.77699995 -0.02130529 -0.12570119 0.01810949
6.78299999 0.02663161 0.07882956 -0.00852211
6.78999996 0.00852211 -0.07989483 0.02450108
6.79600000 -0.02130529 0.02556635 -0.00532632
6.80299997 0.08202536 -0.02982740 0.01491370
6.80900002 -0.10439591 -0.05539375 0.01704423
6.81599998 0.12357067 0.02237055 0.00106526
6.82200003 -0.10546117 -0.04900216 0.02982740
6.82900000 0.03728425 -0.02663161 0.00319579
6.83500004 0.00319579 -0.00958738 0.02663161
6.84200001 -0.04900216 -0.06285059 0.01278317
6.84800005 0.05645901 0.02663161 0.01704423
6.85500002 -0.03728425 -0.04261058 0.02982740
6.86100006 -0.00852211 -0.06178533 0.01171791
6.86800003 0.03302320 0.02024002 0.02130529
6.87400007 -0.02769687 -0.08948221 0.02450108
6.88000011 0.00000000 0.05752428 0.00426106
6.88700008 0.05752428 -0.04261058 0.02237055
6.89300013 -0.06391586 -0.04154531 0.01597897
6.90000010 0.06924219 -0.00639159 0.00639159
6.90600014 -0.01597897 -0.06924219 0.04154531
6.91300011 -0.00213053 0.01917476 -0.01704423
6.91900015 0.05219796 -0.06817692 0.02450108
6.92600012 -0.04154531 0.02024002 0.00852211
6.93200016 0.03089267 -0.06391586 0.00745685
6.93800020 -0.01278317 0.00639159 0.03408846
6.94500017 -0.02982740 -0.04687163 0.00319579
6.95100021 0.03834952 0.01065264 0.04048005
6.95800018 -0.00426106 -0.00319579 0.00426106
6.96400023 -0.02343581 -0.08735168 0.03834952
6.97100019 0.05219796 0.03728425 -0.00426106
6.97700024 -0.04367584 -0.05326322 0.02343581
6.98400021 0.03728425 0.00426106 0.02556635
6.98999977 0.03728425 -0.02024002 -0.01065264
6.99599981 -0.08096009 -0.06391586 0.03728425
7.00299978 0.12996225 0.02663161 -0.01917476
7.00899982 -0.10652644 -0.03728425 0.03621899
7.01599979 0.08522116 -0.02237055 -0.00958738
7.02299976 -0.00639159 0.01384844 0.02130529
7.02899981 -0.03089267 -0.08841694 0.01491370
7.03599977 0.06498113 0.02663161 -0.00319579
7.04199982 -0.05326322 -0.03302320 0.03834952
7.04899979 0.01384844 -0.10865697 0.01597897
7.05499983 0.00319579 0.06285059 0.02450108
7.06099987 0.01704423 -0.09161274 0.01704423
7.06799984 -0.02450108 0.02450108 0.02343581
7.07399988 0.04900216 -0.06285059 -0.00532632
7.08099985 -0.09906959 -0.09693906 0.02769687
7.08699989 0.11717909 0.05006742 -0.00639159
7.09399986 -0.06604639 -0.04261058 0.04793689
7.09999990 0.02450108 0.01491370 0.00000000
7.10699987 0.03941478 -0.05113269 0.01065264
7.11299992 -0.06604639 -0.03302320 0.03089267
7.11999989 0.10546117 -0.00213053 -0.01704423
7.12599993 -0.09054748 -0.05645901 0.06072007
7.13299990 0.05539375 -0.01065264 -0.02876214
7.13899994 -0.02343581 -0.02769687 0.03515372
7.14599991 0.00319579 -0.03728425 0.01171791
7.15199995 0.01704423 0.00958738 0.00852211
7.15899992 -0.01597897 -0.06072007 0.04474111
7.16499996 -0.00213053 0.01491370 -0.01065264
7.17199993 -0.00106526 -0.03515372 0.04580637
7.17799997 0.00532632 -0.02130529 0.00106526
7.18400002 -0.05219796 -0.01278317 0.02876214
7.19099998 0.07989483 -0.04367584 0.01171791
7.19799995 -0.10013485 0.00319579 0.01597897
7.20400000 0.11185277 -0.04687163 0.01065264
7.21099997 -0.05965481 -0.00639159 0.02450108
7.21700001 0.01704423 -0.06711166 0.00319579
7.22300005 0.06817692 0.00852211 0.01810949
7.23000002 -0.07882956 -0.04154531 0.01704423
7.23600006 0.04687163 -0.05965481 0.02450108
7.24300003 -0.00639159 0.03302320 0.03302320
7.24900007 -0.00958738 -0.10013485 0.01704423
7.25600004 0.03302320 0.04687163 0.01171791
7.26200008 0.01917476 -0.03195793 0.01171791
7.26900005 -0.07456850 -0.06285059 0.01810949
7.27500010 0.09374326 0.00958738 -0.00852211
7.28200006 -0.08415589 -0.05539375 0.02130529
7.28800011 0.08202536 -0.00532632 0.00852211
7.29400015 -0.01065264 -0.01384844 0.00426106
7.30100012 -0.03195793 -0.06817692 0.01384844
7.30700016 0.09054748 0.02450108 -0.01704423
7.31400013 -0.09374326 -0.06285059 0.03302320
7.32100010 0.04687163 -0.08096009 0.00213053
7.32700014 0.00426106 0.05645901 0.02343581
7.33300018 -0.00106526 -0.09480853 0.02769687
7.34000015 0.00639159 0.07456850 -0.02343581
7.34600019 0.02130529 -0.07776430 0.03728425
7.35300016 -0.04900216 -0.03195793 -0.01065264
7.35900021 0.07030745 0.03089267 0.00319579
7.36600018 -0.06498113 -0.10652644 0.02450108
7.37200022 0.01597897 0.05752428 -0.00852211
7.37900019 0.01704423 -0.06285059 0.04793689
7.38500023 -0.07669903 0.01491370 -0.00213053
7.39200020 0.10226538 -0.04048005 0.03302320
7.39799976 -0.09800432 -0.01704423 0.03089267
7.40500021 0.08096009 -0.02769687 0.00532632
7.41099977 -0.05432848 -0.02769687 0.04367584
7.41800022 0.03728425 -0.02769687 -0.00213053
7.42399979 -0.00426106 -0.00958738 0.02556635
7.43100023 -0.00106526 -0.04687163 0.01491370
7.43699980 -0.01384844 0.00426106 0.02024002
7.44399977 0.02556635 -0.05113269 0.01810949
7.44999981 -0.01597897 -0.01278317 0.01597897
7.45699978 0.01704423 -0.02769687 0.01704423
7.46299982 0.02450108 -0.04687163 0.02876214
7.46899986 -0.05006742 -0.00532632 0.00426106
7.47599983 0.09374326 -0.05219796 0.02450108
7.48199987 -0.08628642 0.00319579 0.01278317
7.48899984 0.04687163 -0.06817692 0.01171791
7.49499989 0.01810949 0.00852211 0.03728425
7.50199986 -0.03834952 -0.05006742 0.00106526
7.50799990 0.05219796 -0.04687163 0.03302320
7.51499987 -0.01597897 0.02343581 0.01810949
7.52099991 -0.01065264 -0.10013485 0.01065264
7.52799988 0.01597897 0.05752428 -0.00213053
7.53399992 0.00000000 -0.07137272 -0.01171791
7.53999996 -0.00958738 0.00426106 0.03195793
7.54699993 0.07243798 -0.00319579 -0.01704423
7.55299997 -0.09374326 -0.07243798 0.04580637
7.55999994 0.11291803 0.02769687 -0.00745685
7.56599998 -0.10439591 -0.07030745 0.04261058
7.57299995 0.01704423 -0.05006742 0.02876214
7.57900000 0.03195793 0.01917476 -0.01491370
7.58599997 -0.08628642 -0.05965481 0.03941478
7.59200001 0.09480853 0.03621899 -0.04793689
7.59899998 -0.06817692 -0.02876214 0.04474111
7.60500002 0.03834952 -0.07456850 -0.00106526
7.61199999 0.00532632 0.05752428 0.02343581
7.61800003 0.00000000 -0.11398329 0.03728425
7.62500000 -0.03195793 0.02769687 0.01704423
7.63100004 0.07669903 -0.00958738 0.03621899
7.63700008 -0.08948221 -0.05432848 0.01278317
7.64400005 0.06711166 0.05006742 0.02024002
7.65000010 -0.05432848 -0.08522116 0.02769687
7.65700006 -0.01597897 0.03941478 0.00319579
7.66300011 0.03941478 -0.06924219 0.01917476
7.67000008 -0.07882956 0.00745685 0.02237055
7.67600012 0.10013485 -0.03621899 -0.00106526
7.68300009 -0.09587379 -0.03302320 0.03834952
7.68900013 0.07350324 -0.01065264 -0.00852211
7.69600010 -0.02343581 -0.03195793 0.03195793
7.70200014 0.01597897 -0.02769687 0.00958738
7.70900011 0.00000000 -0.00958738 0.00000000
7.71500015 -0.00745685 -0.04367584 0.04048005
7.72100019 -0.00213053 -0.00639159 -0.00319579
7.72800016 0.01065264 -0.03089267 0.03408846
7.73400021 0.00852211 -0.03302320 0.00000000
7.73999977 -0.04154531 -0.01278317 0.01917476
7.74700022 0.07776430 -0.04474111 0.00958738
7.75299978 -0.08309063 0.00106526 0.01065264
7.76000023 0.05752428 -0.04687163 0.02024002
7.76599979 -0.03515372 -0.00213053 0.00532632
7.77299976 -0.05539375 -0.06391586 0.02024002
7.77899981 0.07776430 0.01917476 0.01597897
7.78599977 -0.08202536 -0.00319579 0.01491370
7.79199982 0.03302320 -0.10652644 0.01810949
7.79899979 0.00745685 0.07030745 0.01704423
7.80499983 -0.00639159 -0.08948221 0.02982740
7.81199980 -0.00213053 0.00639159 0.00958738
7.81799984 0.03621899 -0.00958738 0.01171791
7.82399988 -0.06391586 -0.08522116 0.01597897
7.83099985 0.07882956 0.03621899 0.00106526
7.83699989 -0.07030745 -0.06072007 0.02556635
7.84399986 0.02876214 0.01065264 -0.00958738
7.84999990 -0.00213053 -0.03408846 0.02556635
7.85699987 -0.07243798 -0.06072007 0.01171791
7.86299992 0.11291803 0.02024002 0.01704423
7.86999989 -0.09267800 -0.03621899 0.02237055
7.87599993 0.05006742 -0.06391586 0.01491370
7.88299990 0.00106526 0.03408846 0.02556635
7.88899994 -0.01704423 -0.09693906 0.01278317
7.89599991 0.01704423 0.05645901 0.00958738
7.90199995 0.00532632 -0.05219796 0.02237055
7.90799999 -0.04048005 -0.05432848 0.01597897
7.91499996 0.06072007 0.01597897 0.00745685
7.92100000 -0.04474111 -0.10333064 0.04261058
7.92799997 0.02769687 0.06178533 -0.01597897
7.93400002 0.03834952 -0.06817692 0.03195793
7.94099998 -0.05858954 0.02024002 -0.00532632
7.94700003 0.11824435 -0.02982740 -0.00639159
7.95400000 -0.10865697 -0.04048005 0.05006742
7.96099997 0.09374326 -0.00532632 -0.01384844
7.96700001 -0.06072007 -0.04048005 0.04793689
7.97399998 0.02556635 -0.00639159 -0.00745685
7.98000002 -0.00106526 -0.03621899 0.02663161
7.98699999 -0.00958738 -0.01917476 0.02663161
7.99300003 -0.00639159 -0.02663161 0.01278317
8.00000000 0.02769687 -0.01491370 0.04048005
8.00599957 -0.03089267 -0.05219796 0.01171791
8.01299953 0.01597897 0.01065264 0.02663161
8.01900005 0.00852211 -0.05539375 0.01810949
8.02499962 -0.06285059 0.00000000 0.02343581
8.03199959 0.10333064 -0.03834952 0.00745685
8.03800011 -0.08735168 -0.01065264 0.02876214
8.04500008 0.04261058 -0.02663161 0.00745685
8.05099964 -0.01384844 -0.02343581 0.02982740
8.05799961 -0.04793689 -0.01171791 0.01278317
8.06400013 0.08096009 -0.03728425 0.01384844
8.07100010 -0.07776430 -0.00319579 0.02663161
8.07699966 0.05006742 -0.08522116 0.00106526
8.08399963 0.00745685 0.03728425 0.02982740
8.09000015 -0.01278317 -0.07882956 0.00852211
8.09599972 -0.01917476 -0.04900216 0.02982740
8.10299969 0.06178533 0.01704423 -0.00426106
8.10900021 -0.06498113 -0.08628642 0.01704423
8.11600018 0.07882956 0.05219796 0.00745685
8.12199974 -0.03089267 -0.06178533 -0.00745685
8.12899971 -0.00213053 -0.00745685 0.02130529
8.13500023 0.07030745 -0.00958738 -0.01704423
8.14200020 -0.08841694 -0.05752428 0.04474111
8.14799976 0.11717909 0.01597897 -0.01065264
8.15499973 -0.09800432 -0.03621899 0.03834952
8.16100025 0.01917476 -0.07882956 0.02876214
8.16800022 0.01491370 0.04687163 -0.01171791
8.17399979 -0.05965481 -0.09480853 0.05113269
8.18099976 0.03621899 0.03941478 -0.03834952
8.18700027 0.00106526 -0.00532632 0.03408846
8.19400024 -0.01065264 -0.07776430 -0.00639159
8.19999981 0.00852211 0.05006742 0.01065264
8.20699978 0.00745685 -0.09054748 0.04048005
8.21300030 -0.04048005 0.04793689 -0.00213053
8.22000027 0.05965481 -0.08202536 0.03834952
8.22599983 -0.08948221 -0.03302320 0.01278317
8.23299980 0.12037487 -0.02130529 0.02024002
8.23900032 -0.05965481 -0.03941478 0.02876214
8.24600029 0.03621899 -0.00852211 0.00532632
8.25199986 0.01810949 -0.03834952 0.03515372
8.25899982 -0.03408846 -0.01171791 0.01597897
8.26500034 0.06498113 -0.02982740 0.00958738
8.27200031 -0.05432848 -0.03195793 0.02130529
8.27799988 0.03302320 -0.01810949 -0.00106526
8.28499985 0.00213053 -0.03089267 0.02556635
8.29100037 -0.01065264 -0.03195793 0.00426106
8.29800034 0.00106526 -0.01491370 0.01810949
8.30399990 0.01384844 -0.03834952 0.01704423
8.31000042 -0.02663161 -0.00532632 0.01597897
8.31700039 0.03728425 -0.03515372 0.02343581
8.32299995 0.00319579 -0.02769687 0.01810949
8.32999992 -0.02450108 -0.02343581 0.01384844
8.33600044 0.08948221 -0.03834952 0.01491370
8.34300041 -0.09374326 -0.01597897 0.01171791
8.34899998 0.09906959 -0.04474111 0.01810949
8.35599995 -0.04687163 0.02343581 0.00852211
8.36200047 -0.03089267 -0.11717909 0.03515372
8.36900043 0.03621899 0.05539375 0.00000000
8.37500000 -0.00213053 0.02024002 0.01384844
8.38099957 -0.01384844 -0.09800432 0.02024002
8.38799953 0.01384844 0.06178533 -0.01491370
8.39400005 -0.02769687 -0.09587379 0.02769687
8.40100002 0.02769687 0.05858954 -0.01491370
8.40699959 0.00745685 -0.05752428 0.01384844
8.41399956 -0.06178533 -0.04900216 0.02130529
8.42000008 0.08735168 0.00319579 0.00000000
8.42599964 -0.08522116 -0.07989483 0.04580637
8.43299961 0.05858954 0.02343581 -0.00852211
8.43900013 -0.02982740 -0.04048005 0.03728425
8.44600010 -0.05113269 -0.04687163 0.01597897
8.45199966 0.07669903 0.00958738 0.00532632
8.45899963 -0.08096009 -0.05432848 0.03302320
8.46500015 0.05965481 -0.01810949 -0.00745685
8.47200012 0.00106526 0.01171791 0.04367584
8.47799969 -0.02663161 -0.10013485 0.02024002
8.48499966 0.01278317 0.06391586 0.01278317
8.49100018 0.02769687 -0.05752428 0.02024002
8.49800014 -0.04793689 -0.01597897 0.01810949
8.50399971 0.07137272 0.00639159 0.01597897
8.51000023 -0.07563377 -0.07456850 0.03408846
8.51700020 0.02663161 0.03941478 0.00426106
8.52299976 0.00745685 -0.06391586 0.03515372
8.52999973 -0.05326322 0.02024002 0.02450108
8.53600025 0.10652644 -0.04793689 0.01171791
8.54300022 -0.11185277 -0.01278317 0.04900216
8.54899979 0.08735168 -0.03195793 -0.01065264
8.55599976 -0.03834952 -0.02876214 0.04048005
8.56200027 0.01704423 -0.01917476 -0.00532632
8.56900024 0.01278317 -0.02556635 0.00852211
8.57499981 -0.00745685 -0.02663161 0.02130529
8.58199978 -0.02237055 -0.05645901 0.00426106
8.58800030 0.05006742 0.00106526 0.03408846
8.59500027 -0.04580637 -0.04474111 0.00745685
8.60099983 0.02982740 -0.00426106 0.03195793
8.60799980 0.03834952 -0.01917476 -0.00213053
8.61400032 -0.08096009 -0.05432848 0.04474111
8.62100029 0.11824435 -0.00213053 0.00213053
8.62699986 -0.11185277 -0.03834952 0.02343581
8.63399982 0.03941478 -0.04048005 0.01917476
8.64000034 0.00213053 0.00319579 -0.00745685
8.64599991 -0.07776430 -0.05539375 0.03515372
8.65299988 0.10439591 0.01917476 -0.02450108
8.65999985 -0.08628642 -0.01278317 0.02982740
8.66600037 0.03408846 -0.11930962 0.00000000
8.67199993 0.00852211 0.09480853 0.01810949
8.67899990 0.02024002 -0.05539375 0.03408846
8.68500042 -0.02663161 -0.03941478 0.02663161
8.69200039 0.02769687 0.03621899 0.02130529
8.69799995 -0.06604639 -0.09906959 0.00639159
8.70499992 0.04154531 0.06817692 0.02556635
8.71100044 -0.02024002 -0.07030745 0.02769687
8.71700001 -0.04367584 -0.00426106 0.02343581
8.72399998 0.06391586 -0.04367584 0.00532632
8.72999954 -0.09374326 -0.01917476 0.03515372
8.73700047 0.09267800 -0.02024002 0.00319579
8.74300003 -0.08202536 -0.04474111 0.04154531
8.75000000 0.06285059 -0.00426106 0.00639159
8.75599957 0.01171791 -0.01065264 0.00106526
8.76299953 -0.06604639 -0.07989483 0.04580637
8.76900005 0.06178533 0.03515372 -0.03089267
8.77600002 -0.03621899 -0.04154531 0.03515372
8.78199959 0.01278317 -0.02982740 -0.00639159
8.78899956 0.02024002 -0.00852211 0.02024002
8.79500008 -0.01065264 -0.08841694 0.01171791
8.80200005 -0.00319579 0.03515372 -0.00639159
8.80799961 0.04261058 -0.06817692 0.03408846
8.81499958 -0.04154531 0.01278317 0.00639159
8.82100010 0.05219796 -0.04793689 0.03195793
8.82800007 -0.00852211 -0.02343581 0.01491370
8.83399963 -0.02876214 -0.02982740 0.02237055
8.84099960 0.08309063 -0.02556635 0.01810949
8.84700012 -0.08309063 -0.02130529 0.01491370
8.85400009 0.05858954 -0.06072007 0.01704423
8.85999966 -0.02130529 0.00106526 0.01491370
8.86699963 -0.03834952 -0.08309063 0.02024002
8.87300014 0.04687163 0.05006742 0.01917476
8.87899971 -0.02130529 -0.02556635 0.01917476
8.88599968 -0.01491370 -0.06072007 0.02237055
8.89299965 0.05432848 0.02343581 0.00852211
8.89900017 -0.06711166 -0.06924219 0.02343581
8.90499973 0.04474111 0.01917476 0.00639159
8.91199970 -0.02237055 -0.03195793 0.02024002
8.91800022 -0.05219796 -0.04580637 0.01278317
8.92500019 0.09267800 -0.00426106 0.01384844
8.93099976 -0.10546117 -0.03834952 0.01704423
8.93799973 0.07776430 -0.04154531 0.00426106
8.94400024 -0.01384844 0.02556635 0.02237055
8.95100021 -0.01810949 -0.11504856 0.01704423
8.95699978 0.03941478 0.05006742 0.01704423
8.96399975 -0.01278317 -0.05006742 0.02343581
8.97000027 -0.00532632 -0.08522116 0.01597897
8.97700024 0.01065264 0.04580637 0.00319579
8.98299980 -0.01917476 -0.11504856 0.03408846
8.98999977 0.03089267 0.07669903 -0.01704423
8.99600029 0.03941478 -0.07563377 0.01278317
9.00300026 -0.08309063 -0.05219796 0.00958738
9.00899982 0.12250540 0.02024002 -0.01917476
9.01599979 -0.10439591 -0.05752428 0.04367584
9.02200031 0.09480853 0.02343581 -0.00745685
9.02900028 -0.07350324 -0.05326322 0.04793689
9.03499985 -0.00532632 0.00106526 0.00106526
9.04199982 0.02876214 -0.03089267 0.02876214
9.04800034 -0.05326322 -0.03302320 0.03089267
9.05500031 0.05219796 -0.01171791 -0.00426106
9.06099987 -0.04048005 -0.03302320 0.03195793
9.06799984 0.03408846 -0.01810949 -0.00106526
9.07400036 -0.02130529 -0.01171791 0.03089267
9.08100033 0.02024002 -0.04900216 0.00958738
9.08699989 -0.03515372 0.00639159 0.02237055
9.09399986 0.04687163 -0.05113269 0.02024002
9.10000038 -0.04261058 -0.01065264 0.02450108
9.10700035 0.04154531 -0.02982740 0.01491370
9.11299992 0.00639159 -0.05113269 0.02876214
9.11999989 -0.03195793 -0.00106526 0.00319579
9.12600040 0.07776430 -0.05752428 0.02343581
9.13300037 -0.07669903 0.00426106 0.01491370
9.13899994 0.05219796 -0.06817692 0.00106526
9.14500046 -0.03408846 0.00213053 0.04154531
9.15200043 -0.00958738 -0.04261058 -0.00106526
9.15799999 0.03195793 -0.02876214 0.03408846
9.16499996 -0.01597897 -0.01171791 0.01278317
9.17099953 -0.02237055 -0.08841694 0.03941478
9.17800045 0.03515372 0.04687163 0.00000000
9.18400002 -0.00639159 -0.05645901 -0.01704423
9.19099998 0.00639159 -0.01597897 0.04580637
9.19699955 0.06498113 -0.01384844 -0.01171791
9.20400047 -0.10013485 -0.07243798 0.03621899
9.21000004 0.12570119 0.00745685 -0.00639159
9.21700001 -0.10439591 -0.03941478 0.02130529
9.22299957 0.01171791 -0.08628642 0.03089267
9.22999954 0.02556635 0.06072007 -0.02769687
9.23600006 -0.06391586 -0.04687163 0.03834952
9.24300003 0.10013485 0.02982740 -0.03195793
9.24899960 -0.09693906 -0.05645901 0.04048005
9.25599957 0.03302320 -0.11824435 0.00745685
9.26200008 0.01065264 0.08415589 0.03941478
9.26900005 0.02237055 -0.08415589 0.03621899
9.27499962 -0.02876214 -0.02130529 0.02769687
9.28199959 0.05326322 -0.04048005 0.02556635
9.28800011 -0.08522116 -0.08948221 0.01171791
9.29500008 0.08948221 0.05006742 0.01597897
9.30099964 -0.02769687 -0.07030745 0.02556635
9.30799961 0.02343581 0.02663161 0.01384844
9.31400013 0.03728425 -0.06498113 0.01278317
9.31999969 -0.07776430 -0.02130529 0.01704423
9.32699966 0.12570119 -0.00319579 -0.00319579
9.33300018 -0.10439591 -0.04367584 0.03621899
9.34000015 0.05539375 -0.01384844 0.00426106
9.34599972 -0.01278317 -0.01917476 0.03089267
9.35299969 -0.04900216 -0.07882956 0.02982740
9.35999966 0.04900216 0.03195793 -0.02237055
9.36600018 -0.04687163 -0.05539375 0.04048005
9.37300014 0.01278317 -0.00745685 -0.01171791
9.37899971 0.02343581 -0.01384844 0.03515372
9.38599968 -0.03195793 -0.10865697 0.00426106
9.39200020 0.02130529 0.04474111 0.01065264
9.39799976 0.03834952 -0.07030745 0.02982740
9.40499973 -0.07989483 0.00745685 0.00639159
9.41100025 0.10013485 -0.05113269 0.03515372
9.41800022 -0.07243798 -0.01704423 0.01065264
9.42399979 0.04154531 -0.04048005 0.01597897
9.43099976 0.01065264 -0.02343581 0.02343581
9.43700027 -0.03089267 -0.02237055 0.00958738
9.44400024 0.06711166 -0.03195793 0.02556635
9.44999981 -0.04900216 -0.02130529 0.01278317
9.45699978 0.00639159 -0.04900216 0.01810949
9.46300030 0.01704423 -0.00958738 0.01810949
9.47000027 -0.04900216 -0.04793689 0.01065264
9.47599983 0.04580637 0.00319579 0.02130529
9.48299980 -0.02024002 -0.03834952 0.01278317
9.48900032 -0.01278317 -0.01384844 0.01384844
9.49600029 0.05432848 -0.01810949 0.01917476
9.50199986 -0.05539375 -0.02876214 0.01810949
9.50899982 0.01704423 -0.01384844 0.00958738
9.51500034 0.01278317 -0.03408846 0.01917476
9.52200031 -0.05539375 -0.01065264 0.00639159
9.52799988 0.09054748 -0.03728425 0.02450108
9.53499985 -0.09054748 -0.00532632 0.01171791
9.54100037 0.03941478 -0.09267800 0.02343581
9.54800034 0.02130529 0.04474111 0.01171791
9.55399990 -0.03515372 -0.08309063 0.02556635
9.56099987 0.00532632 -0.06711166 0.02130529
9.56700039 0.03408846 0.05539375 0.00745685
9.57299995 -0.03515372 -0.09693906 0.03195793
9.57999992 0.04687163 0.06711166 -0.01278317
9.58600044 -0.01917476 -0.09161274 0.01704423
9.59300041 -0.02024002 -0.02769687 0.00639159
9.59899998 0.09161274 0.01810949 -0.00106526
9.60599995 -0.09267800 -0.07243798 0.02982740
9.61200047 0.11504856 0.02663161 -0.01278317
9.61900043 -0.08948221 -0.05645901 0.04580637
9.62500000 0.02237055 -0.02769687 -0.00639159
9.63199997 0.01171791 -0.00852211 0.02876214
9.63799953 -0.06711166 -0.06924219 0.00745685
9.64500046 0.07137272 0.02769687 0.00426106
9.65100002 -0.03834952 -0.02450108 0.04793689
9.65799999 -0.00319579 -0.10226538 0.01704423
9.66399956 0.02769687 0.07989483 0.02024002
9.67099953 0.00319579 -0.08628642 0.02450108
9.67700005 -0.01704423 0.02130529 0.01917476
9.68400002 0.05326322 -0.03621899 0.00426106
9.68999958 -0.07882956 -0.05858954 0.02024002
9.69699955 0.07776430 0.03728425 -0.00958738
9.70300007 -0.04580637 -0.07137272 0.04474111
9.71000004 -0.01597897 0.03621899 -0.00852211
9.71599960 0.04900216 -0.05645901 0.02876214
9.72299957 -0.08415589 -0.00958738 0.03621899
9.72900009 0.07882956 -0.02876214 -0.01384844
9.73600006 -0.06285059 -0.02343581 0.05752428
9.74199963 0.02663161 -0.02237055 -0.02024002
9.74899960 -0.00532632 -0.02130529 0.05539375
9.75500011 -0.01597897 -0.03621899 -0.00852211
9.76200008 0.01384844 -0.01704423 0.04367584
9.76799965 -0.00745685 -0.03408846 0.01491370
9.77499962 -0.01810949 -0.01704423 0.02982740
9.78100014 0.03834952 -0.01384844 0.02663161
9.78800011 -0.02663161 -0.04261058 0.01704423
9.79399967 -0.00852211 0.00319579 0.02663161
9.80099964 0.03089267 -0.05219796 0.01704423
9.80700016 -0.06817692 0.00532632 0.02450108
9.81400013 0.09054748 -0.04580637 0.01278317
9.81999969 -0.06072007 -0.01171791 0.02769687
9.82699966 0.03408846 -0.04048005 0.00213053
9.83300018 0.04367584 -0.01917476 0.02876214
9.84000015 -0.06711166 -0.02663161 0.01171791
9.84599972 0.08948221 -0.03834952 0.00958738
9.85299969 -0.06498113 -0.00213053 0.02024002
9.85900021 0.00532632 -0.10546117 0.01704423
9.86600018 0.01917476 0.06391586 0.02663161
9.87199974 0.00958738 -0.04900216 -0.00319579
9.87800026 -0.05432848 -0.09374326 0.02343581
9.88500023 0.07882956 0.02237055 -0.00852211
9.89099979 -0.04154531 -0.05432848 0.02450108
9.89799976 0.07989483 0.01917476 0.01810949
9.90400028 -0.03302320 -0.06711166 0.01278317
9.91100025 -0.00958738 -0.00213053 0.02237055
9.91699982 0.07989483 -0.01597897 -0.00213053
9.92399979 -0.09587379 -0.04048005 0.04687163
9.93000031 0.10865697 0.01384844 -0.01704423
9.93700027 -0.07669903 -0.01704423 0.01597897
9.94299984 0.00639159 -0.12250540 0.01384844
9.94999981 0.03302320 0.08202536 -0.01384844
9.95600033 -0.00745685 -0.07563377 0.03515372
9.96300030 -0.02769687 -0.03515372 -0.00319579
9.97000027 0.05858954 0.00852211 0.04367584
9.97599983 -0.04793689 -0.09693906 0.01065264
9.98200035 0.04580637 0.05432848 0.02556635
9.98900032 0.01065264 -0.07669903 0.02982740
9.99499989 -0.06924219 -0.00213053 0.00319579
10.00199986 0.09267800 -0.03941478 0.02556635
10.00800037 -0.08628642 -0.01384844 0.00213053
10.01500034 0.08522116 -0.02024002 0.01171791
10.02200031 -0.07563377 -0.03302320 0.03302320
10.02799988 0.05858954 -0.01810949 0.00532632
10.03499985 -0.00958738 -0.03408846 0.02982740
10.04100037 -0.00532632 -0.02130529 0.00426106
10.04800034 0.02876214 -0.01810949 0.02663161
10.05500031 -0.02237055 -0.03728425 0.01384844
10.06099987 0.01065264 -0.00958738 0.01491370
10.06799984 0.01278317 -0.03302320 0.01810949
10.07499981 -0.00852211 -0.02876214 0.00745685
10.08100033 -0.00213053 -0.00745685 0.01917476
10.08800030 0.02663161 -0.04793689 0.01917476
10.09399986 -0.05219796 0.00000000 0.01384844
10.10099983 0.07776430 -0.05006742 0.02556635
10.10700035 -0.07456850 -0.00319579 0.00639159
10.11400032 0.01171791 -0.06604639 0.01810949
10.12100029 0.01384844 0.00852211 0.01384844
10.12699986 -0.06711166 -0.03941478 0.01384844
10.13399982 0.05752428 -0.04367584 0.02663161
10.14000034 -0.03089267 0.03728425 0.00532632
10.14700031 -0.00319579 -0.12250540 0.02556635
10.15400028 0.02130529 0.07350324 -0.01065264
10.15999985 -0.00958738 -0.08841694 0.02130529
10.16699982 0.00426106 0.00958738 0.00852211
10.17300034 0.01278317 -0.04154531 -0.00426106
10.18000031 -0.06817692 -0.07030745 0.03515372
10.18599987 0.10333064 0.01704423 -0.00852211
10.19299984 -0.09161274 -0.07989483 0.04261058
10.19999981 0.07137272 0.02876214 -0.01065264
10.20600033 -0.04793689 -0.03302320 0.03195793
10.21300030 0.00213053 -0.04900216 -0.00532632
10.22000027 0.06604639 0.01704423 0.02769687
10.22599983 -0.06817692 -0.06498113 0.00532632
10.23299980 0.05219796 -0.02663161 0.01065264
10.23900032 -0.00745685 -0.00426106 0.05113269
10.24600029 -0.01171791 -0.09161274 0.01065264
10.25300026 0.01917476 0.06817692 0.02876214
10.25899982 0.00532632 -0.08415589 0.02024002
10.26599979 -0.03621899 0.01810949 0.02876214
10.27200031 0.06072007 -0.06711166 0.01171791
10.27900028 -0.07563377 -0.00426106 0.01597897
10.28600025 0.09800432 -0.00958738 0.00426106
10.29199982 -0.05965481 -0.02982740 0.04048005
10.29899979 0.00639159 0.01171791 0.00319579
10.30500031 0.00852211 -0.03941478 0.03408846
10.31200027 -0.04793689 0.00000000 0.02450108
10.31799984 0.06072007 -0.04048005 -0.00639159
10.32499981 -0.05006742 -0.02130529 0.04580637
10.33199978 0.03302320 -0.02343581 -0.01491370
10.33800030 -0.00852211 -0.02556635 0.05113269
10.34500027 -0.00106526 -0.02663161 -0.01171791
10.35200024 0.01491370 -0.01384844 0.03515372
10.35799980 -0.00958738 -0.03728425 0.00745685
10.36499977 -0.02450108 -0.02663161 0.02024002
10.37100029 0.05965481 -0.02130529 0.02237055
10.37800026 -0.06711166 -0.02876214 0.02024002
10.38500023 0.04154531 -0.00852211 0.02130529
10.39099979 -0.01597897 -0.02876214 0.00426106
10.39799976 -0.02982740 -0.02982740 0.02450108
10.40499973 0.11398329 -0.02130529 -0.00213053
10.41100025 -0.12357067 -0.03408846 0.02876214
10.41800022 0.10759170 -0.03408846 -0.00532632
10.42500019 -0.04793689 0.02343581 0.00745685
10.43099976 -0.00639159 -0.13848437 0.01704423
10.43799973 0.01384844 0.08735168 -0.00745685
10.44499969 0.01810949 -0.03089267 0.03195793
10.45100021 -0.04048005 -0.07669903 0.01810949
10.45800018 0.05113269 0.02876214 0.02556635
10.46399975 -0.04474111 -0.09267800 0.01704423
10.47099972 0.05965481 0.04687163 0.01278317
10.47799969 -0.00213053 -0.06072007 0.02769687
10.48400021 -0.02556635 -0.00639159 0.00426106
10.49100018 0.05539375 -0.02556635 0.01597897
10.49699974 -0.09054748 -0.04793689 0.02024002
10.50399971 0.11078750 0.01491370 -0.00852211
10.51099968 -0.08628642 -0.05006742 0.03089267
10.51700020 0.04687163 -0.02556635 -0.00745685
10.52400017 -0.01491370 -0.01384844 0.02343581
10.53100014 -0.02024002 -0.08096009 0.00426106
10.53699970 0.04687163 0.04900216 0.01171791
10.54399967 -0.02769687 -0.05858954 0.02450108
10.55099964 -0.00213053 -0.02343581 -0.00319579
10.55700016 0.03834952 -0.01597897 0.04154531
10.56400013 -0.03834952 -0.05645901 0.00319579
10.56999969 0.02450108 0.02130529 0.00639159
10.57699966 -0.00106526 -0.06711166 0.02343581
10.58399963 -0.02769687 0.02982740 0.00426106
10.59000015 0.05752428 -0.06391586 0.04048005
10.59700012 -0.05113269 0.01278317 -0.00426106
10.60299969 0.05113269 -0.05326322 0.02876214
10.60999966 -0.03089267 -0.00532632 0.01278317
10.61699963 0.00000000 -0.05432848 0.02130529
10.62300014 0.05006742 0.00213053 0.01917476
10.62899971 -0.05752428 -0.02769687 0.01065264
10.63599968 0.00852211 -0.07030745 0.02982740
10.64299965 0.02130529 0.03195793 -0.00106526
10.64900017 -0.03728425 -0.08841694 0.03089267
10.65600014 0.04687163 0.04580637 -0.00745685
10.66199970 0.00106526 -0.03621899 0.01384844
10.66899967 -0.03515372 -0.04474111 0.02237055
10.67599964 0.07137272 -0.01704423 0.00319579
10.68200016 -0.10333064 -0.04154531 0.03302320
10.68900013 0.12676646 -0.00852211 -0.00426106
10.69600010 -0.11611382 -0.02556635 0.02982740
10.70199966 0.04793689 -0.05432848 0.00106526
10.70899963 -0.00639159 0.01704423 0.03195793
10.71500015 -0.03302320 -0.08841694 0.01278317
10.72200012 0.04367584 -0.00213053 0.02237055
10.72900009 -0.01278317 0.00532632 0.03089267
10.73499966 -0.00213053 -0.11185277 0.00745685
10.74199963 -0.00106526 0.06817692 0.01065264
10.74800014 0.00000000 -0.11824435 0.01171791
10.75500011 -0.02130529 0.02556635 0.01917476
10.76099968 0.06285059 -0.06391586 -0.00213053
10.76799965 -0.10759170 -0.05113269 0.02343581
10.77499962 0.13954964 0.00745685 -0.00213053
10.78100014 -0.11611382 -0.08841694 0.05432848
10.78800011 0.07776430 0.01917476 -0.00106526
10.79500008 -0.04793689 -0.04687163 0.03621899
10.80099964 -0.04261058 -0.02982740 0.03834952
10.80799961 0.07989483 0.00532632 0.00106526
10.81400013 -0.07989483 -0.06498113 0.05326322
10.82100010 0.08415589 0.01491370 -0.02982740
10.82800007 -0.05539375 -0.04367584 0.05539375
10.83399963 0.04261058 -0.01917476 -0.02024002
10.84099960 0.00852211 -0.00426106 0.01704423
10.84799957 -0.00426106 -0.06924219 0.00532632
10.85400009 -0.01171791 0.02769687 0.00106526
10.86100006 0.03515372 -0.06817692 0.04048005
10.86699963 -0.04474111 0.01704423 0.00745685
10.87399960 0.04900216 -0.04793689 0.03515372
10.88000011 -0.03728425 -0.00745685 0.02343581
10.88700008 -0.02556635 -0.02130529 0.01810949
10.89400005 0.05219796 -0.03195793 0.02130529
10.89999962 -0.08309063 -0.00958738 0.01597897
10.90699959 0.11824435 -0.03834952 0.00852211
10.91399956 -0.09693906 -0.00852211 0.01917476
10.92000008 0.06817692 -0.07989483 0.01065264
10.92700005 -0.00106526 0.02663161 0.01065264
10.93299961 -0.01704423 -0.08841694 0.01278317
10.93999958 0.00532632 -0.01491370 0.01597897
10.94699955 0.04367584 -0.00639159 0.03195793
10.95300007 -0.06817692 -0.06924219 0.02343581
10.96000004 0.09054748 0.02982740 0.01171791
10.96599960 -0.06711166 -0.05219796 0.02769687
10.97299957 0.02130529 -0.03089267 0.01384844
10.97999954 0.00958738 -0.01171791 0.00106526
10.98600006 -0.05219796 -0.07243798 0.01704423
10.99300003 0.10439591 0.02450108 0.00745685
10.99899960 -0.08202536 -0.04261058 0.02556635
11.00599957 0.04580637 -0.07563377 0.00852211
11.01299953 -0.02024002 0.03408846 0.01491370
11.01900005 -0.00958738 -0.11824435 0.01810949
11.02600002 0.02343581 0.07030745 -0.00532632
11.03199959 0.00000000 -0.06604639 0.02876214
11.03899956 -0.00426106 -0.03515372 0.00958738
11.04500008 0.03195793 0.00213053 0.01491370
11.05200005 -0.04261058 -0.12250540 0.03621899
11.05900002 0.03515372 0.07669903 -0.02024002
11.06499958 -0.00639159 -0.07563377 0.03834952
11.07199955 -0.04261058 0.02982740 -0.00745685
11.07800007 0.07137272 -0.05326322 0.02663161
11.08500004 -0.07456850 0.00106526 0.02343581
11.09200001 0.10226538 -0.01917476 0.00213053
11.09799957 -0.09054748 -0.03728425 0.05539375
11.10499954 0.06817692 -0.01384844 -0.01278317
11.11200047 -0.03941478 -0.02663161 0.04580637
11.11800003 0.03408846 -0.02343581 -0.01065264
11.12500000 -0.01917476 -0.02130529 0.03408846
11.13199997 0.01384844 -0.04154531 0.01810949
11.13799953 -0.02769687 -0.00426106 0.02343581
11.14500046 0.03621899 -0.03302320 0.01917476
11.15100002 -0.03089267 -0.01704423 0.02343581
11.15799999 0.03728425 -0.02556635 0.02237055
11.16499996 0.01278317 -0.04793689 0.02769687
11.17099953 -0.02769687 -0.00532632 0.01278317
11.17800045 0.06498113 -0.05006742 0.01597897
11.18500042 -0.08735168 0.00852211 0.01917476
11.19099998 0.07989483 -0.05752428 0.00000000
11.19799995 -0.03195793 0.00106526 0.03089267
11.20400047 0.00532632 -0.07669903 0.00319579
11.21100044 0.05006742 0.01384844 0.00319579
11.21700001 -0.04367584 -0.03621899 0.02237055
11.22399998 -0.01065264 -0.08096009 0.01810949
11.22999954 0.03195793 0.06285059 0.02130529
11.23700047 -0.04154531 -0.09161274 0.01917476
11.24400043 0.02556635 0.03195793 0.02982740
11.25000000 0.00319579 -0.05645901 -0.01065264
11.25699997 -0.04367584 -0.01597897 0.03621899
11.26399994 0.10439591 -0.00639159 -0.00852211
11.27000046 -0.11930962 -0.06711166 0.04154531
11.27700043 0.13954964 0.02024002 0.00532632
11.28299999 -0.08841694 -0.03195793 0.04048005
11.28999996 0.03515372 -0.07989483 0.00852211
11.29699993 0.00532632 0.04474111 -0.00852211
11.30300045 -0.03834952 -0.07563377 0.03515372
11.31000042 0.04261058 0.06285059 -0.02663161
11.31700039 -0.03515372 -0.03302320 0.04367584
11.32299995 -0.00106526 -0.07137272 0.00213053
11.32999992 0.03728425 0.03941478 0.04900216
11.33600044 -0.00852211 -0.10865697 0.02450108
11.34300041 0.00958738 0.06285059 0.01597897
11.34899998 0.06178533 -0.07030745 0.03728425
11.35599995 -0.07989483 0.00532632 0.00106526
11.36299992 0.09161274 -0.04900216 0.02450108
11.36900043 -0.09906959 -0.02876214 0.00639159
11.37600040 0.09267800 -0.02237055 0.01917476
11.38199997 -0.05432848 -0.03941478 0.02556635
11.38899994 0.02982740 -0.01171791 0.00852211
11.39599991 -0.00426106 -0.02769687 0.02876214
11.40200043 -0.02982740 -0.02024002 0.00745685
11.40900040 0.02982740 -0.02450108 0.02663161
11.41600037 -0.02982740 -0.03515372 0.00852211
11.42199993 0.00852211 -0.01810949 0.01491370
11.42899990 0.02237055 -0.02769687 0.01384844
11.43500042 -0.02450108 -0.03728425 0.01917476
11.44200039 0.00745685 -0.00958738 0.01810949
11.44900036 0.01384844 -0.04580637 0.01810949
11.45499992 -0.03941478 0.00106526 0.01065264
11.46199989 0.07882956 -0.04367584 0.02450108
11.46800041 -0.04687163 -0.00958738 0.01491370
11.47500038 0.01597897 -0.05539375 0.01917476
11.48200035 0.00532632 -0.00213053 0.01491370
11.48799992 -0.07563377 -0.04474111 0.00852211
11.49499989 0.06285059 -0.02876214 0.03621899
11.50100040 -0.04793689 0.02876214 0.00319579
11.50800037 0.01065264 -0.12037487 0.02343581
11.51500034 0.00958738 0.06604639 -0.00319579
11.52099991 0.00639159 -0.08309063 0.02237055
11.52799988 0.01597897 0.03195793 0.00319579
11.53400040 0.02450108 -0.02663161 -0.00958738
11.54100037 -0.07350324 -0.08948221 0.04048005
11.54800034 0.10546117 0.05752428 -0.02769687
11.55399990 -0.07243798 -0.07989483 0.05326322
11.56099987 0.07243798 0.03089267 -0.01278317
11.56700039 -0.03834952 -0.04048005 0.01704423
11.57400036 -0.05645901 -0.05965481 0.02450108
11.58100033 0.07989483 0.02663161 -0.01597897
11.58699989 -0.07030745 -0.07882956 0.05645901
11.59399986 0.08948221 0.01278317 -0.01810949
11.60099983 -0.05006742 -0.03089267 0.05539375
11.60700035 0.02024002 -0.08202536 -0.02663161
11.61400032 0.02024002 0.06285059 0.03834952
11.62100029 0.01171791 -0.09587379 0.02024002
11.62699986 -0.03195793 0.01810949 0.00852211
11.63399982 0.05858954 -0.06285059 0.03621899
11.64000034 -0.08096009 -0.01810949 -0.00852211
11.64700031 0.10013485 0.00426106 0.02024002
11.65400028 -0.07989483 -0.05006742 0.02556635
11.65999985 0.06711166 0.00319579 0.00745685
11.66699982 -0.00745685 -0.05219796 0.03834952
11.67300034 -0.01917476 0.00958738 0.00319579
11.68000031 0.07776430 -0.04687163 0.01278317
11.68599987 -0.06924219 -0.01917476 0.03515372
11.69299984 0.05539375 -0.02982740 -0.00639159
11.69999981 -0.02982740 -0.02237055 0.04367584
11.70699978 0.00426106 -0.02663161 -0.01491370
11.71300030 0.03408846 -0.02024002 0.03834952
11.72000027 -0.02982740 -0.03834952 0.01917476
11.72599983 0.00426106 -0.00639159 0.00532632
11.73299980 0.01065264 -0.03834952 0.03728425
11.73999977 -0.02024002 -0.00319579 -0.00213053
11.74600029 0.04580637 -0.03728425 0.02343581
11.75300026 -0.00532632 -0.01704423 0.01171791
11.75899982 -0.02237055 -0.03089267 0.01704423
11.76599979 0.04793689 -0.02237055 0.01278317
11.77299976 -0.09800432 -0.02024002 0.01384844
11.77900028 0.10759170 -0.03621899 0.01171791
11.78600025 -0.08202536 0.01065264 0.01384844
11.79300022 -0.00106526 -0.14061490 0.02663161
11.79899979 0.00426106 0.08522116 -0.00532632
11.80599976 0.01278317 -0.04474111 0.02556635
11.81299973 0.00000000 -0.03302320 0.00213053
11.81900024 0.02343581 0.01917476 0.01384844
11.82499981 -0.05219796 -0.10439591 0.01384844
11.83199978 0.06391586 0.04474111 -0.00532632
11.83899975 -0.02982740 -0.06604639 0.03089267
11.84500027 0.02876214 0.02450108 -0.00852211
11.85200024 0.04474111 -0.02982740 0.02982740
11.85799980 -0.07243798 -0.07030745 0.01171791
11.86499977 0.09693906 0.02556635 0.01917476
11.87199974 -0.08202536 -0.04261058 0.04154531
11.87800026 0.05645901 -0.03834952 -0.00639159
11.88500023 -0.02343581 -0.00532632 0.05219796
11.89200020 -0.02237055 -0.07776430 -0.00106526
11.89799976 0.04154531 0.05752428 0.02024002
11.90499973 -0.03089267 -0.06391586 0.02237055
11.91199970 0.00106526 -0.01704423 0.01278317
11.91800022 0.03621899 -0.02024002 0.02343581
11.92500019 -0.04261058 -0.08735168 0.01810949
11.93099976 0.05752428 0.05326322 -0.00106526
11.93799973 -0.04154531 -0.08948221 0.04580637
11.94499969 -0.02769687 0.03515372 -0.00958738
11.95100021 0.06711166 -0.05752428 0.02982740
11.95800018 -0.08735168 -0.00106526 0.02450108
11.96500015 0.13528858 -0.01065264 -0.01171791
11.97099972 -0.11504856 -0.03515372 0.06924219
11.97799969 0.11078750 -0.01384844 -0.02769687
11.98499966 -0.06285059 -0.04793689 0.06604639
11.99199963 0.05113269 -0.00532632 -0.00639159
11.99800014 -0.01917476 -0.03515372 0.03302320
12.00500011 0.02237055 -0.02237055 0.00745685
12.01099968 -0.02130529 -0.02556635 0.00426106
12.01799965 0.03408846 -0.02130529 0.04367584
12.02499962 -0.03408846 -0.03728425 -0.01278317
12.03100014 0.04793689 -0.00639159 0.02450108
12.03800011 -0.03834952 -0.04261058 0.00532632
12.04500008 -0.03089267 -0.00532632 0.03515372
12.05099964 0.07243798 -0.04048005 0.00319579
12.05799961 -0.09161274 -0.00639159 0.02237055
12.06499958 0.13635384 -0.04154531 0.00532632
12.07100010 -0.11504856 -0.01065264 0.02237055
12.07800007 0.09480853 -0.04367584 0.00106526
12.08399963 -0.02556635 -0.01065264 0.02450108
12.09099960 -0.00426106 -0.05006742 0.02024002
12.09799957 0.03195793 0.00426106 0.00745685
12.10400009 -0.05113269 -0.02876214 0.03195793
12.11100006 0.00958738 -0.05539375 -0.00639159
12.11800003 0.01491370 0.03089267 0.03408846
12.12399960 -0.02343581 -0.07989483 0.01597897
12.13099957 0.02130529 0.02982740 0.01171791
12.13700008 0.03195793 -0.02769687 0.00426106
12.14400005 -0.06391586 -0.05432848 0.01171791
12.14999962 0.11398329 0.01704423 -0.00745685
12.15699959 -0.09906959 -0.05858954 0.03515372
12.16399956 0.09161274 -0.00426106 0.00106526
12.17000008 -0.02769687 -0.00426106 0.01704423
12.17700005 -0.02769687 -0.10120011 0.02237055
12.18400002 0.05965481 0.07030745 -0.00106526
12.18999958 -0.05752428 -0.06391586 0.05326322
12.19699955 0.03728425 -0.00745685 -0.01810949
12.20400047 -0.00852211 0.02024002 0.02663161
12.21000004 -0.01065264 -0.11078750 0.00532632
12.21700001 0.01384844 0.07456850 0.01597897
12.22299957 0.01917476 -0.09800432 0.05326322
12.22999954 -0.02876214 0.05113269 -0.03621899
12.23700047 0.06178533 -0.08096009 0.03621899
12.24300003 -0.10652644 -0.03834952 0.01065264
12.25000000 0.13528858 -0.01810949 0.02024002
12.25699997 -0.10865697 -0.03195793 0.03302320
12.26299953 0.07243798 -0.00745685 -0.00639159
12.27000046 -0.05219796 -0.04048005 0.05113269
12.27700043 0.03621899 -0.01384844 -0.00745685
12.28299999 0.01597897 -0.03728425 0.03941478
12.28999996 -0.01917476 -0.02130529 0.00426106
12.29699993 0.01491370 -0.01917476 0.02876214
12.30300045 -0.00426106 -0.02982740 0.01491370
12.31000042 -0.00852211 -0.03195793 0.02024002
12.31599998 0.02982740 -0.01171791 0.01597897
12.32299995 -0.01065264 -0.05858954 0.02450108
12.32999992 0.00213053 0.01278317 0.00426106
12.33600044 0.04261058 -0.06498113 0.02876214
12.34300041 -0.05326322 0.02343581 0.00532632
12.34899998 0.05645901 -0.05752428 0.01491370
12.35599995 -0.04154531 0.00426106 0.02343581
12.36200047 0.01278317 -0.05965481 0.01065264
12.36900043 0.05006742 0.00426106 0.04048005
12.37500000 -0.06285059 -0.02876214 0.01171791
12.38199997 0.05432848 -0.10013485 0.01597897
12.38899994 -0.01491370 0.04580637 0.02343581
12.39500046 -0.00319579 -0.09693906 0.00213053
12.40200043 0.02237055 0.04900216 0.01171791
12.40799999 -0.00639159 -0.07243798 -0.00213053
12.41499996 -0.02769687 -0.03834952 0.04367584
12.42199993 0.04900216 -0.00958738 -0.02024002
12.42899990 -0.08628642 -0.06072007 0.03408846
12.43500042 0.11611382 0.02024002 -0.01491370
12.44200039 -0.08948221 -0.05539375 0.04261058
12.44900036 0.08628642 0.00639159 0.01171791
12.45499992 -0.01171791 -0.00639159 0.00745685
12.46199989 -0.03408846 -0.06072007 0.04048005
12.46800041 0.06072007 0.03302320 -0.04261058
12.47500038 -0.08841694 -0.06391586 0.05113269
12.48200035 0.06498113 -0.03089267 -0.03408846
12.48799992 -0.02024002 0.00745685 0.04687163
12.49499989 0.00426106 -0.12037487 0.01491370
12.50100040 0.00106526 0.07137272 0.01278317
12.50800037 0.03089267 -0.08096009 0.05858954
12.51500034 -0.04474111 0.00958738 -0.00852211
12.52099991 0.07563377 -0.00639159 0.02556635
12.52799988 -0.08096009 -0.05965481 0.00213053
12.53400040 0.09054748 0.01384844 0.01917476
12.54100037 -0.03728425 -0.06072007 0.03302320
12.54800034 0.02556635 0.01810949 0.01278317
12.55399990 0.04793689 -0.05432848 0.03621899
12.56099987 -0.05752428 -0.00319579 0.01810949
12.56700039 0.08202536 -0.03728425 0.00958738
12.57400036 -0.08309063 -0.03302320 0.03941478
12.58100033 0.06072007 -0.01384844 -0.00639159
12.58699989 -0.03728425 -0.04048005 0.04154531
12.59399986 0.01065264 -0.01384844 0.00106526
12.60000038 0.00639159 -0.02769687 0.02769687
12.60700035 -0.00745685 -0.02876214 0.02982740
12.61400032 -0.01171791 -0.01491370 -0.00106526
12.61999989 0.03302320 -0.03195793 0.02556635
12.62699986 -0.02343581 -0.01704423 0.00532632
12.63399982 0.01810949 -0.02769687 0.02450108
12.64000034 -0.00319579 -0.02130529 0.00958738
12.64700031 -0.06285059 -0.02130529 0.01597897
12.65400028 0.10546117 -0.03195793 0.01491370
12.65999985 -0.10333064 -0.02130529 0.01278317
12.66699982 0.07563377 -0.07137272 0.01384844
12.67300034 -0.04900216 0.03728425 0.00426106
12.68000031 -0.00745685 -0.12783173 0.02876214